AL:ANO-VT-TZ
EMSL BASIS SET LIBRARY
 
  4
    0    1    2    3
    5    4    2    1
   15    9    2    1
 
 205502.989383  30780.447753   7006.101915   1985.028876    649.109442
    235.003419     91.621333     37.670548     15.910231      5.850085
      2.542037      1.057015      0.293104      0.145502      0.056501
 
 0.0000271  0.0000419  0.0000502  0.0000030  0.0000015
 0.0002108  0.0003259  0.0003893  0.0000230  0.0000122
 0.0011048  0.0017072  0.0020398  0.0001214  0.0000556
 0.0046089  0.0071038  0.0084615  0.0004921  0.0002734
 0.0161263  0.0247181  0.0293038  0.0016976  0.0007251
 0.0478193  0.0721155  0.0839985  0.0044268  0.0026992
 0.1147112  0.1668516  0.1872705  0.0085436  0.0026780
 0.2031349  0.2693278  0.2693674  0.0036731  0.0067310
 0.1932861  0.2178187  0.1693646 -0.0078766 -0.0148787
-0.1002335 -0.0328415  0.0923758  0.0232242  0.0426335
-0.4925956 -0.2364845  0.2340250  0.0889315 -0.0730094
-0.4885427 -0.0922505  0.1598722 -0.2017920 -0.0097372
 0.0484623 -0.0796583  0.0331302  1.2549487  0.8330500
 0.5207017 -0.4218747  0.1304834  0.2414156 -0.6546179
 0.2679458 -0.2282281  0.0732549 -0.8935288  0.9893808
 
    444.406465    105.101529     33.470487     12.330179      4.869071
      1.961029      0.783411      0.188803      0.055571
 
 0.0016399  0.0001082  0.0000287  0.0000413
 0.0131721  0.0007331 -0.0006021 -0.0059592
 0.0616902  0.0039801  0.0014607  0.0050730
 0.1894301  0.0088834 -0.0129280 -0.1133652
 0.3631141  0.0234063  0.0205232  0.1294024
 0.4128446  0.0001946 -0.1143257 -0.8071512
 0.1877203  0.0605680  0.1645655  1.6259845
-0.0160857  0.5459253  1.0884620 -0.2555581
-0.0249567  0.5251468 -1.1511736  0.0745553
 
      0.109002      0.333005
 
 0.6500937  0.8814708
 0.4658912 -1.2299836
 
      0.244004
 
 1.0000000
 
