AR:ANO-VT-TZ
EMSL BASIS SET LIBRARY
 
  4
    0    1    2    3
    5    4    2    1
   15    9    2    1
 
 545003.876552  81640.580700  18580.132158   5261.037421   1717.012213
    619.904409    241.601718     99.790710     43.150307     19.140136
      7.488053      3.205023      1.196009      0.520404      0.195401
 
 0.0000167  0.0000294  0.0000336  0.0000024  0.0000019
 0.0001298  0.0002282  0.0002608  0.0000178  0.0000146
 0.0006831  0.0011987  0.0013675  0.0001026  0.0000782
 0.0028548  0.0050125  0.0057177  0.0003740  0.0003155
 0.0102141  0.0177635  0.0201218  0.0015288  0.0011270
 0.0312120  0.0536813  0.0601831  0.0034245  0.0030290
 0.0812411  0.1337902  0.1446673  0.0100544  0.0066826
 0.1622295  0.2473299  0.2477778  0.0022306  0.0048900
 0.2174784  0.2727954  0.2158897  0.0078711 -0.0042735
 0.0502510  0.0795754  0.0841289 -0.0379061 -0.0083639
-0.4462700 -0.2049550  0.1951033  0.2021161  0.0581904
-0.6822738 -0.1481968  0.1921891 -0.2901547 -0.2405221
 0.0144572 -0.0994040  0.0548645  0.9692567  1.2343700
 0.5973993 -0.4006847  0.1450939  0.4844407 -0.6435414
 0.3121119 -0.2177478  0.0816764 -1.3209783  0.7317211
 
    761.805419    180.201282     57.500409     21.240151      8.388060
      3.416024      1.206009      0.452303      0.154501
 
 0.0017230  0.0017769  0.0000723  0.0008316
 0.0138110  0.0142725  0.0011618  0.0052300
 0.0647035  0.0656915  0.0032994  0.0340305
 0.1896770  0.1905196  0.0247822  0.0805239
 0.3342531  0.3207622  0.0153911  0.2310964
 0.2492737  0.2625988  0.0865131 -0.1041467
-0.2258541  0.1844478 -0.8351524 -1.4069447
-0.4943251  0.2585186 -0.0998857  1.4029387
-0.2832398  0.1546820  0.9519808 -1.0835727
 
      0.410003      1.254009
 
 0.6365626  0.9207016
 0.4807272 -1.2191618
 
      0.890006
 
 1.0000000
 
