BE:ANO-VT-TZ
EMSL BASIS SET LIBRARY
 
  4
    0    1    2    3
    4    3    2    1
   11    5    2    1
 
   6863.281386   1030.042230    234.709623     66.562729     21.690889
      7.734317      2.916120      1.130046      0.257711      0.110105
      0.044092
 
 0.0001498  0.0001934  0.0000291 -0.0000142
 0.0011588  0.0014967  0.0002485  0.0000350
 0.0060067  0.0077397  0.0010905 -0.0009433
 0.0241779  0.0310575  0.0051653  0.0019840
 0.0772031  0.0977645  0.0100991 -0.0228381
 0.1852548  0.2281726  0.0284733  0.0249646
 0.3034055  0.3341935 -0.0383360 -0.2185543
 0.2501072  0.1784897 -0.0732732  0.2771477
-0.2004110  0.1185373  1.4841383  0.4192313
-0.5517752  0.2639755 -0.3077786 -0.6690437
-0.2322747  0.1172894 -0.6517466  1.2530561
 
      7.436305      1.577065      0.435218      0.143806      0.049942
 
 0.0110227  0.0364851  0.0006128
 0.0478929  0.6353991  0.2517293
 0.2972681 -1.6588292  0.0773608
 0.6586223  0.6728166 -0.2829040
 0.1351100  0.1417490  1.1195852
 
      0.348014      0.180307
 
 0.2285608  1.2825321
 0.8020644 -0.3654776
 
      0.325013
 
 1.0000000
 
