C:ANO-VT-TZ
EMSL BASIS SET LIBRARY UNCONTRACTED
 
  4
    0    1    2    3
    4    3    2    1
   10    5    2    1
 
   8236.617712   1235.092627    280.821060     79.275945     25.591919
      8.997675      3.319249      0.905968      0.364327      0.128510
 
 0.0003441  0.0004263  0.0000779  0.0000611
 0.0026615  0.0032953  0.0006168  0.0004247
 0.0136979  0.0169007  0.0030015  0.0024117
 0.0536039  0.0653850  0.0117379  0.0063301
 0.1572572  0.1858719  0.0263563  0.0154267
 0.3118689  0.3334619  0.0317734 -0.0510822
 0.3120195  0.2345137 -0.0942339 -0.1295388
-0.1142640  0.0991551  0.6593277  1.4527158
-0.5402732  0.2571345  0.7068093 -0.6427303
-0.3422075  0.1750152 -1.3789427  0.3731848
 
     18.711403      4.133310      1.200090      0.382729      0.120909
 
 0.0141162  0.0166266  0.0406694
 0.0861531  0.0570935  0.3226447
 0.2939949  0.5524017  1.0793496
 0.5041039  0.3408035 -0.8913972
 0.3360332 -1.0098918  0.3084888
 
      1.097082      0.318024
 
 0.3971187  1.1805068
 0.7306328 -0.6416374
 
      0.761057
 
 1.0000000
 
