!ANO-VT-TZ - Atomic Natural Orbital - Virial Theorem - Triple Zeta basis sets
!
! Please cite:
! Daniel Claudino, Ricardo Gargano, and Rodney J. Bartlett The Journal of Chemical Physics 144, 104106 (2016); https://doi.org/10.1063/1.4943275
! Daniel Claudino, Ricardo Gargano, and Rodney J. Bartlett The Journal of Chemical Physics 145, 019901 (2016); https://doi.org/10.1063/1.4954989
! 
CL:ANO-VT-TZ
EMSL BASIS SET LIBRARY
 
  4
    0    1    2    3
    5    4    2    1
   15    9    2    1
 
 456098.274596  68329.741511  15549.941175   4404.983336   1438.994556
    520.398031    203.099232     83.959682     36.199863     15.829940
      6.333976      2.693990      0.976796      0.431298      0.162499
 
 0.0000182  0.0000316  0.0000363  0.0000024  0.0000022
 0.0001413  0.0002458  0.0002824  0.0000184  0.0000163
 0.0007429  0.0012900  0.0014798  0.0001044  0.0000859
 0.0031023  0.0053875  0.0061772  0.0003855  0.0003499
 0.0110450  0.0190056  0.0216444  0.0015369  0.0012276
 0.0335390  0.0570128  0.0641945  0.0034984  0.0033313
 0.0860642  0.1401014  0.1520536  0.0097324  0.0070365
 0.1685240  0.2530519  0.2531195  0.0022261  0.0053384
 0.2159441  0.2666148  0.2089370  0.0056890 -0.0056304
 0.0297810  0.0612984  0.0790747 -0.0314416 -0.0034088
-0.4575867 -0.2119995  0.2004485  0.1855469  0.0568971
-0.6594494 -0.1415484  0.1890279 -0.2695296 -0.2272461
 0.0203999 -0.0955005  0.0512451  0.9470556  1.2249091
 0.5893728 -0.4037521  0.1442851  0.5027606 -0.6104322
 0.3055820 -0.2182249  0.0807136 -1.3420657  0.6893338
 
    663.297491    156.799407     49.979811     18.419930      7.239973
      2.921989      1.021996      0.381799      0.130100
 
 0.0020622  0.0015977  0.0000225  0.0007018
 0.0164738  0.0127727  0.0008091  0.0048804
 0.0764331  0.0584163  0.0012172  0.0283561
 0.2223107  0.1680810  0.0189952  0.0761980
 0.3863090  0.2815787  0.0021082  0.1858305
 0.3011064  0.2324564  0.0937183 -0.0125561
-0.1654185  0.2001717 -0.7485211 -1.5564369
-0.4327047  0.3194189 -0.2328947  1.2943308
-0.2535545  0.1951818  1.0173618 -0.8495346
 
      1.045996      0.343999
 
 0.4620764  1.2352105
 0.6527886 -0.8743438
 
      0.705997
 
 1.0000000
 
