MG:ANO-VT-TZ
EMSL BASIS SET LIBRARY
 
  4
    0    1    2    3
    5    4    2    1
   15   10    2    1
 
 164902.099842  24710.314658   5628.071667   1596.020324    521.006634
    188.002394     73.010930     29.900381     12.540160      4.306055
      1.826023      0.741709      0.145702      0.076121      0.033100
 
 0.0000342  0.0000425  0.0000530  0.0000023  0.0000011
 0.0002663  0.0003304  0.0004115  0.0000192  0.0000036
 0.0013911  0.0017268  0.0021519  0.0000944 -0.0000062
 0.0058040  0.0071803  0.0089145  0.0004191  0.0001122
 0.0202835  0.0249841  0.0309294  0.0012830 -0.0002382
 0.0599431  0.0725336  0.0882308  0.0039471  0.0016680
 0.1405960  0.1643628  0.1938488  0.0056345 -0.0040631
 0.2392332  0.2528626  0.2663714  0.0063412  0.0129091
 0.2004184  0.1810379  0.1546769 -0.0127449 -0.0306702
-0.1622632 -0.0407915  0.1106311  0.0506625  0.0836436
-0.5268301 -0.1685040  0.2452649 -0.0194026 -0.2688803
-0.4164476 -0.0118492  0.1307914 -0.0987748  0.3321673
 0.1409431 -0.1930103  0.0682474  1.7614623  0.1073090
 0.3801019 -0.4339019  0.1396086 -0.6007864 -0.6054336
 0.1650123 -0.1998648  0.0666449 -0.3821635  1.3864690
 
    316.904035     74.860953     23.720302      8.669110      3.363043
      1.310017      0.491106      0.236403      0.087331      0.032370
 
 0.0020777  0.0000850  0.0005109  0.0002664
 0.0163054  0.0007073  0.0035035 -0.0005947
 0.0739556  0.0028203  0.0191250  0.0137996
 0.2145372  0.0083442  0.0441374 -0.0183571
 0.3826157  0.0100918  0.0966043  0.0852680
 0.3987542  0.0093163 -0.0280898 -0.5042430
 0.1534557 -0.0552954 -0.1628619  1.1246160
-0.0066553  0.3712015  1.5377202  0.1319123
 0.0022705  0.6709367 -0.8418457  0.0065325
-0.0020383  0.0756369 -0.2131533  0.1690841
 
      0.126002      0.294004
 
 0.6998702  0.7357438
 0.3652274 -1.4098756
 
      0.252003
 
 1.0000000
 
