N:ANO-VT-TZ
EMSL BASIS SET LIBRARY
 
  4
    0    1    2    3
    4    3    2    1
   10    5    2    1
 
  11419.984012   1711.997603    389.299455    109.999846     35.569950
     12.539982      4.643993      1.292998      0.511799      0.178700
 
 0.0003383  0.0004182  0.0000737  0.0000628
 0.0026187  0.0032330  0.0005787  0.0004405
 0.0134825  0.0165899  0.0028505  0.0024711
 0.0528612  0.0642308  0.0110561  0.0066474
 0.1562273  0.1836833  0.0260765  0.0155939
 0.3129526  0.3306136  0.0322345 -0.0553706
 0.3121471  0.2350196 -0.0759984 -0.1348049
-0.1257363  0.1064602  0.5200385  1.5121050
-0.5319048  0.2522311  0.8121474 -0.6013148
-0.3473181  0.1773653 -1.4577680  0.2105576
 
     26.629963      5.947992      1.741998      0.554999      0.172500
 
 0.0147790  0.0204510  0.0428045
 0.0918374  0.1014445  0.3520030
 0.3022186  0.5940850  1.0535043
 0.4965955  0.2523469 -1.0028670
 0.3356606 -0.9368883  0.4369623
 
      1.653998      0.468999
 
 0.3858000  1.1709966
 0.7434298 -0.6076842
 
      1.092998
 
 1.0000000
 
