NA:ANO-VT-TZ
EMSL BASIS SET LIBRARY
 
  4
    0    1    2    3
    5    4    2    1
   16   10    2    1
 
 423007.409520  63341.109501  14410.252414   4077.071415   1328.023262
    478.608383    186.203262     76.921347     33.320584     15.000263
      6.869120      2.683047      1.109019      0.454008      0.060151
      0.023820
 
 0.0000181 -0.0000044  0.0000007  0.0000002  0.0000023
 0.0001404 -0.0000343  0.0000052  0.0000018  0.0000167
 0.0007384 -0.0001801  0.0000271  0.0000108  0.0000924
 0.0031118 -0.0007639  0.0001146  0.0000355  0.0003601
 0.0112079 -0.0027525  0.0004151  0.0001711  0.0014080
 0.0352828 -0.0088602  0.0013298  0.0003472  0.0038075
 0.0959893 -0.0247939  0.0037560  0.0014830  0.0112487
 0.2137386 -0.0605997  0.0091402  0.0009653  0.0153445
 0.3486876 -0.1164494  0.0179860  0.0048734  0.0214654
 0.3245678 -0.1624391  0.0251480 -0.0107037 -0.0543032
 0.1126292 -0.0438888  0.0076352  0.0153697  0.0395563
 0.0070680  0.3379181 -0.0614590 -0.0067831  0.1739073
 0.0005980  0.5613469 -0.1157200  0.0942133  0.4265596
 0.0002041  0.2452386 -0.1589100 -0.1762414 -1.2278683
-0.0000053  0.0040675  0.6264099 -1.2442782 -0.1039880
 0.0000018 -0.0012675  0.4754000  1.8054507 -0.2138669
 
    243.304262     57.391005     18.100317      6.575115      2.521044
      0.960717      0.351206      0.098272      0.037341      0.015000
 
 0.0022439 -0.0002224  0.0001580  0.0003925
 0.0174001 -0.0017428  0.0009906 -0.0013674
 0.0774126 -0.0077546  0.0057757  0.0156205
 0.2191017 -0.0225190  0.0114651 -0.0497550
 0.3785229 -0.0384330  0.0304482  0.1216647
 0.3949030 -0.0450180 -0.0050727 -0.4969009
 0.1604212 -0.0192130 -0.0543750  0.9904642
 0.0023331  0.1826999  1.3228304  0.0842358
 0.0019954  0.5578996 -1.2970124 -0.0230173
-0.0007773  0.3730197 -0.1683871  0.5533115
 
      0.136702      0.063601
 
 0.3853247  1.5158791
 0.6702875 -0.8714257
 
      0.139702
 
 1.0000000
 
