NE:ANO-VT-TZ
EMSL BASIS SET LIBRARY
 
  4
    0    1    2    3
    4    3    2    1
   10    5    2    1
 
  24352.493504   3650.373770    829.684953    234.023962     75.617743
     26.732737      9.928017      2.836290      1.102113      0.378239
 
 0.0003278  0.0003986  0.0000725  0.0000433
 0.0025403  0.0030813  0.0005769  0.0002574
 0.0131096  0.0158673  0.0027798  0.0017931
 0.0519869  0.0619384  0.0109381  0.0028202
 0.1559606  0.1796174  0.0228660  0.0112356
 0.3195546  0.3258063  0.0161524 -0.0826555
 0.3154952  0.2366202 -0.1219098 -0.1168533
-0.1454803  0.1182217  0.9075699  1.4888057
-0.5387650  0.2557793  0.4173737 -1.0105197
-0.3303494  0.1671285 -1.1685431  0.8066747
 
     54.705601     12.431273      3.679377      1.143117      0.330034
 
 0.0172431  0.0252836  0.0409152
 0.1081872  0.1539174  0.3798476
 0.3241150  0.6186192  0.9775153
 0.4779217  0.1444280 -1.1664230
 0.3390502 -0.8453525  0.5864361
 
      4.014411      1.096112
 
 0.3744934  1.1556284
 0.7583230 -0.5707003
 
      2.544261
 
 1.0000000
 
