P:ANO-VT-TZ
EMSL BASIS SET LIBRARY
 
  4
    0    1    2    3
    5    4    2    1
   15    9    2    1
 
 312400.710576  46800.106450  10650.024224   3018.006865    986.802245
    357.400813    139.600318     57.630131     24.600056     10.120023
      4.283010      1.805004      0.615801      0.278201      0.105500
 
 0.0000217  0.0000366  0.0000426  0.0000023  0.0000027
 0.0001685  0.0002846  0.0003308  0.0000175  0.0000207
 0.0008846  0.0014921  0.0017330  0.0000965  0.0001086
 0.0036910  0.0062187  0.0072110  0.0003685  0.0004468
 0.0130273  0.0217791  0.0251027  0.0013904  0.0015296
 0.0390965  0.0644276  0.0732101  0.0033024  0.0041739
 0.0972821  0.1538404  0.1683739  0.0080267  0.0082038
 0.1825107  0.2643927  0.2627723  0.0019914  0.0060576
 0.2076875  0.2492924  0.1915999  0.0002428 -0.0086109
-0.0215648  0.0198828  0.0753173 -0.0139170  0.0103096
-0.4734871 -0.2283322  0.2142316  0.1352361  0.0606661
-0.5937137 -0.1273623  0.1814674 -0.2026511 -0.2105498
 0.0222296 -0.0800326  0.0408448  0.8001792  1.2381363
 0.5650304 -0.4074880  0.1386956  0.6410683 -0.4900169
 0.3034930 -0.2276836  0.0796583 -1.4429942  0.5041028
 
    504.901148    119.400272     37.960086     13.950032      5.457012
      2.177005      0.801002      0.287701      0.097140
 
 0.0023957  0.0008283  0.0000740  0.0003205
 0.0190257  0.0065165 -0.0002514  0.0037276
 0.0872343  0.0297366  0.0027509  0.0121362
 0.2519577  0.0834519 -0.0106650  0.0649094
 0.4359018  0.1429467  0.0238466  0.0581596
 0.3838385  0.1144653 -0.1264069  0.2265725
 0.0238962  0.1733906  0.5727102 -1.5727970
-0.1873543  0.4860139  0.6054524  0.7706039
-0.1258489  0.3423142 -1.1150301 -0.4144338
 
      0.216000      0.652001
 
 0.6477118  0.8910084
 0.4662301 -1.2378365
 
      0.452001
 
 1.0000000
 
