S:ANO-VT-TZ
EMSL BASIS SET LIBRARY
 
  4
    0    1    2    3
    5    4    2    1
   15    9    2    1
 
 374099.842043  56049.976334  12759.994612   3614.998474   1182.999501
    428.799819    167.799929     69.469971     29.839987     12.719995
      5.243998      2.218999      0.776700      0.349000      0.132200
 
 0.0000202  0.0000346  0.0000400  0.0000025  0.0000024
 0.0001568  0.0002690  0.0003101  0.0000185  0.0000185
 0.0008244  0.0014112  0.0016255  0.0001036  0.0000971
 0.0034378  0.0058819  0.0067675  0.0003886  0.0003988
 0.0121562  0.0206211  0.0235728  0.0015043  0.0013692
 0.0365926  0.0612348  0.0691082  0.0034815  0.0037481
 0.0920977  0.1476613  0.1605403  0.0090574  0.0074944
 0.1761518  0.2593366  0.2579955  0.0021330  0.0058862
 0.2127862  0.2579855  0.1995049  0.0030918 -0.0074592
 0.0039846  0.0398329  0.0754323 -0.0229692  0.0039076
-0.4697524 -0.2191854  0.2074188  0.1621540  0.0533545
-0.6293216 -0.1320823  0.1846021 -0.2392225 -0.2124683
 0.0280025 -0.0916527  0.0473778  0.8949823  1.2314145
 0.5772239 -0.4062887  0.1429776  0.5436989 -0.5676685
 0.2994714 -0.2198816  0.0799025 -1.3864324  0.6151870
 
    574.399757    135.799943     43.189982     15.869993      6.207997
      2.482999      0.868800      0.322900      0.109800
 
 0.0023785  0.0012468  0.0000322  0.0005052
 0.0189375  0.0099111 -0.0003986  0.0041762
 0.0872506  0.0451359  0.0010031  0.0200823
 0.2519628  0.1284945 -0.0124510  0.0678160
 0.4327845  0.2144064  0.0112355  0.1223918
 0.3526458  0.1773691 -0.0972455  0.0957820
-0.0738941  0.2096035  0.6262685 -1.6171342
-0.3133303  0.4066477  0.4148254  1.0429882
-0.1898116  0.2578418 -1.0997362 -0.5354625
 
      0.269000      0.819000
 
 0.6395572  0.9131659
 0.4766511 -1.2252606
 
      0.557000
 
 1.0000000
 
