SI:ANO-VT-TZ
EMSL BASIS SET LIBRARY
 
  4
    0    1    2    3
    5    4    2    1
   15    9    2    1
 
 254902.409432  38190.360989   8690.082142   2462.023272    804.807607
    291.302754    113.601074     46.750442     19.820187      7.708073
      3.340032      1.402013      0.438704      0.207002      0.079441
 
 0.0000241  0.0000395  0.0000459  0.0000030  0.0000020
 0.0001878  0.0003070  0.0003565  0.0000223  0.0000160
 0.0009854  0.0016096  0.0018686  0.0001202  0.0000790
 0.0041123  0.0067047  0.0077655  0.0004771  0.0003513
 0.0144623  0.0234228  0.0269815  0.0017030  0.0010786
 0.0431936  0.0688649  0.0780807  0.0043196  0.0033687
 0.1057348  0.1621079  0.1770399  0.0091691  0.0050576
 0.1932152  0.2701898  0.2654784  0.0037095  0.0066185
 0.2017326  0.2359653  0.1790389 -0.0050339 -0.0128561
-0.0597996 -0.0065272  0.0813365  0.0053181  0.0309964
-0.4870196 -0.2321408  0.2252719  0.1174543 -0.0215194
-0.5449519 -0.1088302  0.1721822 -0.2213426 -0.0960103
 0.0389098 -0.0809747  0.0379085  1.1307079  1.0151452
 0.5468281 -0.4133321  0.1373065  0.3909146 -0.6085737
 0.2840467 -0.2248643  0.0771714 -1.1327124  0.8201315
 
    481.504551    113.901077     36.230342     13.340126      5.252050
      2.120020      0.856108      0.252802      0.078891
 
 0.0019603  0.0003920  0.0000782  0.0000282
 0.0156935  0.0030169 -0.0003216  0.0042300
 0.0729137  0.0143728  0.0032647 -0.0006877
 0.2180918  0.0396633 -0.0104920  0.0829324
 0.3988764  0.0769301  0.0322830 -0.0684837
 0.4064615  0.0525011 -0.1336925  0.5582435
 0.1218293  0.1106912  0.3023544 -1.6019662
-0.0805362  0.5294476  0.9563747  0.4090548
-0.0714433  0.4565482 -1.1716454 -0.1458371
 
      0.159002      0.481005
 
 0.6494649  0.8853019
 0.4647363 -1.2372017
 
      0.336003
 
 1.0000000
 
