! FANO-5Z - Frozen Atomic Natural Orbital- Pentuple Zeta basis sets
! 
! Please cite
! Daniel Claudino and Rodney J. Bartlett The Journal of Chemical Physics 149, 064105 (2018); https://doi.org/10.1063/1.5039741
! 
****
BE    0
S   14   1.00
  22314.8599300              0.0000319
   3961.5406010              0.0002062
    940.7252050              0.0010615
    275.0304600              0.0042225
     92.9636240              0.0141909
     34.6979530              0.0408873
     13.8481610              0.0980090
      5.7843750              0.1809335
      2.4937930              0.2148416
      1.0992520              0.0847807
      0.4914010              0.0242820
      0.2205800              0.1988354
      0.0979580              0.3479747
      0.0420660              0.1781396
S   14   1.00
  22314.8599300              0.0000393
   3961.5406010              0.0002543
    940.7252050              0.0013100
    275.0304600              0.0052169
     92.9636240              0.0175857
     34.6979530              0.0510454
     13.8481610              0.1244389
      5.7843750              0.2390182
      2.4937930              0.3247051
      1.0992520              0.2326597
      0.4914010              0.0074738
      0.2205800             -0.2295786
      0.0979580             -0.4064969
      0.0420660             -0.2072070
S   14   1.00
  22314.8599300              0.0000119
   3961.5406010              0.0000785
    940.7252050              0.0003981
    275.0304600              0.0016231
     92.9636240              0.0053895
     34.6979530              0.0166128
     13.8481610              0.0412597
      5.7843750              0.0921796
      2.4937930              0.1343291
      1.0992520              0.2360444
      0.4914010             -0.2298853
      0.2205800             -1.2165430
      0.0979580              0.1196676
      0.0420660              1.0857801
S   14   1.00
  22314.8599300              0.0000160
   3961.5406010              0.0001051
    940.7252050              0.0005374
    275.0304600              0.0021749
     92.9636240              0.0073571
     34.6979530              0.0228632
     13.8481610              0.0606921
      5.7843750              0.1341270
      2.4937930              0.1964571
      1.0992520              0.3598147
      0.4914010             -1.4153616
      0.2205800             -0.8793267
      0.0979580              3.4603683
      0.0420660             -2.1726820
S   14   1.00
  22314.8599300              0.0000334
   3961.5406010              0.0001861
    940.7252050              0.0011872
    275.0304600              0.0036246
     92.9636240              0.0181670
     34.6979530              0.0409577
     13.8481610              0.2026595
      5.7843750              0.1617981
      2.4937930              0.4677152
      1.0992520             -0.3718147
      0.4914010             -3.4297107
      0.2205800              6.6384585
      0.0979580             -5.5306139
      0.0420660              2.0571511
S   14   1.00
  22314.8599300              0.0000585
   3961.5406010              0.0002850
    940.7252050              0.0021692
    275.0304600              0.0052316
     92.9636240              0.0366751
     34.6979530              0.0770425
     13.8481610              0.5001665
      5.7843750             -0.1297908
      2.4937930              1.4417287
      1.0992520             -6.0084789
      0.4914010              9.1466298
      0.2205800             -8.2053205
      0.0979580              4.7125909
      0.0420660             -1.4202060
P   8   1.00
      8.7951870              0.0070787
      4.3975720              0.0029183
      2.1987750              0.0235427
      1.0993820              0.0340498
      0.5496880              0.1126671
      0.2748430              0.3348389
      0.1374210              0.4084501
      0.0687100              0.2222090
P   8   1.00
      8.7951870              0.0278156
      4.3975720              0.0432564
      2.1987750              0.0167799
      1.0993820              0.7399566
      0.5496880             -0.6936211
      0.2748430             -1.4020794
      0.1374210              1.1671087
      0.0687100              0.3906017
P   8   1.00
      8.7951870              0.0608652
      4.3975720             -0.0419781
      2.1987750              0.2803727
      1.0993820              0.7706594
      0.5496880             -3.3064241
      0.2748430              2.6650817
      0.1374210              0.3628231
      0.0687100             -1.0538419
P   8   1.00
      8.7951870             -0.0392077
      4.3975720             -0.0083749
      2.1987750              0.8909974
      1.0993820              0.3544532
      0.5496880             -0.3785347
      0.2748430             -0.1931729
      0.1374210              0.5233603
      0.0687100             -0.6055848
P   8   1.00
      8.7951870              0.7308678
      4.3975720             -0.9181076
      2.1987750              2.5120536
      1.0993820             -3.3465605
      0.5496880              1.0178227
      0.2748430              2.3043382
      0.1374210             -3.5280519
      0.0687100              1.8704136
D   3   1.00
      0.5580590             -0.0251993
      0.2767050              0.7109332
      0.1372000              0.3529555
D   3   1.00
      0.5580590              0.4680079
      0.2767050              0.9213513
      0.1372000             -1.3425306
D   3   1.00
      0.5580590              2.0732517
      0.2767050             -3.0185243
      0.1372000              1.6096825
F   2   1.00
      0.5053440              0.3283099
      0.2256000              0.7422512
F   2   1.00
      0.5053440              1.3617026
      0.2256000             -1.1878906
G   2   1.00
      0.6171520              0.3378764
      0.2767000              0.7468958
G   2   1.00
      0.6171520              1.2715442
      0.2767000             -1.0831126
H   1   1.00
      0.4646000              0.0000000
****
