****
AL    0
S   16   1.00
 419600.5021190              0.0000117
  62830.0751860              0.0000913
  14290.0171000              0.0004806
   4038.0048320              0.0020256
   1312.0015700              0.0073327
    470.5005630              0.0230900
    181.8002180              0.0627224
     74.4600890              0.1367282
     31.9000380              0.2179515
     13.9600170              0.1684026
      5.1800060             -0.1654269
      2.2650030             -0.5250087
      0.9664010             -0.4383708
      0.2447000              0.1770757
      0.1184000              0.4519451
      0.0502100              0.1787101
S   16   1.00
 419600.5021190              0.0000171
  62830.0751860              0.0001328
  14290.0171000              0.0006984
   4038.0048320              0.0029445
   1312.0015700              0.0106078
    470.5005630              0.0332012
    181.8002180              0.0881759
     74.4600890              0.1843037
     31.9000380              0.2616867
     13.9600170              0.1743674
      5.1800060             -0.0596142
      2.2650030             -0.1996310
      0.9664010             -0.0394706
      0.2447000             -0.1905677
      0.1184000             -0.4111209
      0.0502100             -0.1701264
S   16   1.00
 419600.5021190              0.0000203
  62830.0751860              0.0001581
  14290.0171000              0.0008305
   4038.0048320              0.0035024
   1312.0015700              0.0125611
    470.5005630              0.0391053
    181.8002180              0.1016590
     74.4600890              0.2038889
     31.9000380              0.2531560
     13.9600170              0.1352861
      5.1800060              0.1083790
      2.2650030              0.2359027
      0.9664010              0.1273351
      0.2447000              0.0690954
      0.1184000              0.1366134
      0.0502100              0.0582419
S   16   1.00
 419600.5021190              0.0000011
  62830.0751860              0.0000082
  14290.0171000              0.0000450
   4038.0048320              0.0001782
   1312.0015700              0.0006794
    470.5005630              0.0018639
    181.8002180              0.0050730
     74.4600890              0.0062304
     31.9000380              0.0046539
     13.9600170             -0.0144884
      5.1800060              0.0530618
      2.2650030             -0.0100934
      0.9664010             -0.1136536
      0.2447000              1.7130199
      0.1184000             -0.5196201
      0.0502100             -0.6414360
S   16   1.00
 419600.5021190              0.0000045
  62830.0751860              0.0000015
  14290.0171000              0.0000144
   4038.0048320              0.0000251
   1312.0015700              0.0002487
    470.5005630              0.0001235
    181.8002180              0.0023529
     74.4600890             -0.0022181
     31.9000380              0.0102159
     13.9600170             -0.0255599
      5.1800060              0.0710965
      2.2650030             -0.1874884
      0.9664010              0.2034190
      0.2447000              0.3072448
      0.1184000             -0.6236381
      0.0502100              1.2991686
S   16   1.00
 419600.5021190              0.0000081
  62830.0751860              0.0000041
  14290.0171000             -0.0000111
   4038.0048320              0.0001366
   1312.0015700             -0.0003477
    470.5005630              0.0021904
    181.8002180             -0.0055309
     74.4600890              0.0215896
     31.9000380             -0.0524478
     13.9600170              0.1177467
      5.1800060             -0.2406492
      2.2650030              1.0574016
      0.9664010             -1.4694367
      0.2447000             -0.1017863
      0.1184000             -0.3670791
      0.0502100              0.2464855
P   11   1.00
    891.3010670              0.0004956
    211.3002530              0.0041904
     68.2800820              0.0214190
     25.7000310              0.0770042
     10.6300130              0.1958389
      4.6020060              0.3371400
      2.0150020              0.3784504
      0.8706010              0.2055765
      0.2972000              0.0083557
      0.1100000             -0.0281753
      0.0398900             -0.0120973
P   11   1.00
    891.3010670              0.0000313
    211.3002530              0.0002655
     68.2800820              0.0013230
     25.7000310              0.0046353
     10.6300130              0.0108259
      4.6020060              0.0181136
      2.0150020              0.0135936
      0.8706010              0.0153150
      0.2972000              0.2706486
      0.1100000              0.5572244
      0.0398900              0.2866552
P   11   1.00
    891.3010670              0.0000123
    211.3002530              0.0000415
     68.2800820              0.0005275
     25.7000310              0.0005090
     10.6300130              0.0044382
      4.6020060             -0.0064677
      2.0150020              0.0062596
      0.8706010             -0.0922513
      0.2972000              0.9112924
      0.1100000              0.0231361
      0.0398900             -0.9005181
P   11   1.00
    891.3010670              0.0000728
    211.3002530             -0.0000163
     68.2800820              0.0033718
     25.7000310             -0.0017772
     10.6300130              0.0427180
      4.6020060             -0.0346700
      2.0150020              0.2419870
      0.8706010             -0.3019217
      0.2972000             -1.0705503
      0.1100000              1.0491113
      0.0398900             -1.0233331
P   11   1.00
    891.3010670              0.0003160
    211.3002530              0.0007608
     68.2800820              0.0144063
     25.7000310              0.0092533
     10.6300130              0.1691696
      4.6020060             -0.0419389
      2.0150020              0.7801910
      0.8706010             -1.5490190
      0.2972000              0.1383645
      0.1100000             -0.2000988
      0.0398900              0.3001362
D   3   1.00
      0.0804000              0.3744786
      0.1990000              0.5758826
      0.4940010              0.1853717
D   3   1.00
      0.0804000              1.1438654
      0.1990000             -0.5974890
      0.4940010             -0.4545978
D   3   1.00
      0.0804000              0.2215313
      0.1990000             -0.5606984
      0.4940010              1.2943599
F   2   1.00
      0.1540000              0.6747025
      0.4010000              0.4340086
F   2   1.00
      0.1540000              0.8098899
      0.4010000             -1.2590411
G   1   1.00
      0.3570000              1.0000000
****
