****
AR    0
S   16   1.00
 950608.4127900              0.0000089
 142301.2593520              0.0000689
  32360.2863850              0.0003631
   9145.0809330              0.0015325
   2970.0262840              0.0055760
   1064.0094160              0.0177885
    410.8036360              0.0496781
    168.0014870              0.1148515
     71.9906370              0.2009080
     31.6702800              0.1964375
     12.8901140             -0.0827099
      5.9290520             -0.5520746
      2.6780240             -0.5581042
      0.9416080              0.1992459
      0.4239040              0.5416328
      0.1714020              0.2191020
S   16   1.00
 950608.4127900              0.0000154
 142301.2593520              0.0001194
  32360.2863850              0.0006286
   9145.0809330              0.0026530
   2970.0262840              0.0096073
   1064.0094160              0.0304151
    410.8036360              0.0828916
    168.0014870              0.1824670
     71.9906370              0.2823869
     31.6702800              0.2284817
     12.8901140             -0.0153102
      5.9290520             -0.1963766
      2.6780240             -0.0716893
      0.9416080             -0.1862732
      0.4239040             -0.3787887
      0.1714020             -0.1583828
S   16   1.00
 950608.4127900              0.0000159
 142301.2593520              0.0001233
  32360.2863850              0.0006487
   9145.0809330              0.0027358
   2970.0262840              0.0098776
   1064.0094160              0.0310474
    410.8036360              0.0830285
    168.0014870              0.1747483
     71.9906370              0.2395982
     31.6702800              0.1481918
     12.8901140              0.0866017
      5.9290520              0.2263636
      2.6780240              0.1519207
      0.9416080              0.0850993
      0.4239040              0.1541357
      0.1714020              0.0658376
S   16   1.00
 950608.4127900              0.0000013
 142301.2593520              0.0000099
  32360.2863850              0.0000514
   9145.0809330              0.0002197
   2970.0262840              0.0007684
   1064.0094160              0.0024265
    410.8036360              0.0058597
    168.0014870              0.0110021
     71.9906370              0.0054889
     31.6702800             -0.0045689
     12.8901140              0.0065362
      5.9290520              0.1079237
      2.6780240             -0.2781674
      0.9416080              1.5855756
      0.4239040             -0.3780284
      0.1714020             -0.9497781
S   16   1.00
 950608.4127900              0.0000048
 142301.2593520              0.0000023
  32360.2863850              0.0000192
   9145.0809330              0.0000401
   2970.0262840              0.0003263
   1064.0094160              0.0002758
    410.8036360              0.0030729
    168.0014870             -0.0019016
     71.9906370              0.0135317
     31.6702800             -0.0352380
     12.8901140              0.0888244
      5.9290520             -0.2627208
      2.6780240              0.2279704
      0.9416080              0.5935117
      0.4239040             -0.7054266
      0.1714020              1.1758274
S   16   1.00
 950608.4127900              0.0000113
 142301.2593520              0.0000102
  32360.2863850              0.0000245
   9145.0809330              0.0002624
   2970.0262840              0.0002148
   1064.0094160              0.0034879
    410.8036360             -0.0008543
    168.0014870              0.0260985
     71.9906370             -0.0491374
     31.6702800              0.1116260
     12.8901140             -0.2109204
      5.9290520              1.3237077
      2.6780240             -1.5625327
      0.9416080             -0.1934874
      0.4239040             -0.4340822
      0.1714020              0.4558367
P   11   1.00
   1890.0167260              0.0003568
    447.8039630              0.0030574
    144.6012800              0.0161328
     54.4604820              0.0603287
     22.5101990              0.1599358
      9.7740860              0.2787390
      4.3680390              0.2823666
      1.9590170              0.0029427
      0.8260070             -0.3576421
      0.3297030             -0.4285347
      0.1242010             -0.1830583
P   11   1.00
   1890.0167260              0.0003754
    447.8039630              0.0032206
    144.6012800              0.0168737
     54.4604820              0.0626333
     22.5101990              0.1624861
      9.7740860              0.2787364
      4.3680390              0.2677944
      1.9590170              0.1447383
      0.8260070              0.1937540
      0.3297030              0.2259819
      0.1242010              0.0964133
P   11   1.00
   1890.0167260              0.0000126
    447.8039630              0.0000089
    144.6012800              0.0006792
     54.4604820              0.0007852
     22.5101990              0.0131789
      9.7740860              0.0043286
      4.3680390              0.0640529
      1.9590170             -0.1845709
      0.8260070             -0.9309725
      0.3297030              0.5535456
      0.1242010              0.6372690
P   11   1.00
   1890.0167260              0.0001454
    447.8039630              0.0004879
    144.6012800              0.0069657
     54.4604820              0.0099066
     22.5101990              0.0927465
      9.7740860              0.0041929
      4.3680390              0.3707371
      1.9590170             -1.2337723
      0.8260070              0.0190865
      0.3297030              0.6620167
      0.1242010             -0.9437234
P   11   1.00
   1890.0167260              0.0001895
    447.8039630              0.0016826
    144.6012800              0.0089170
     54.4604820              0.0360828
     22.5101990              0.1057391
      9.7740860              0.1675924
      4.3680390              0.1560689
      1.9590170             -1.1550258
      0.8260070              0.5774727
      0.3297030             -0.7034928
      0.1242010              1.1010930
D   3   1.00
      0.3110030              0.3906425
      0.7630070              0.5427546
      1.8730170              0.2088775
D   3   1.00
      0.3110030              1.1996733
      0.7630070             -0.7178734
      1.8730170             -0.3782804
D   3   1.00
      0.3110030              0.0782831
      0.7630070             -0.5632464
      1.8730170              1.3171544
F   2   1.00
      0.5430050              0.6412489
      1.3250120              0.4570150
F   2   1.00
      0.5430050              0.9326334
      1.3250120             -1.3086006
G   1   1.00
      1.0070090              1.0000000
****
