! ANO-VT-QZ - Atomic Natural Orbital - Virial Theorem - Quadruple Zeta basis sets
!
! Please cite:
! Daniel Claudino, Ricardo Gargano, and Rodney J. Bartlett The Journal of Chemical Physics 144, 104106 (2016); https://doi.org/10.1063/1.4943275
! Daniel Claudino, Ricardo Gargano, and Rodney J. Bartlett The Journal of Chemical Physics 145, 019901 (2016); https://doi.org/10.1063/1.4954989
! 
****
B     0
S   12   1.00
  23871.6231880              0.0000537
   3575.2431040              0.0004177
    812.8552710              0.0021861
    229.7156200              0.0091206
     74.6950790              0.0314404
     26.8118230              0.0892574
     10.3207020              0.1924138
      4.1782840              0.2912679
      1.7271170              0.2100994
      0.4704320             -0.2425185
      0.1896130             -0.5456626
      0.0739450             -0.2405663
S   12   1.00
  23871.6231880              0.0000739
   3575.2431040              0.0005735
    812.8552710              0.0030068
    229.7156200              0.0124676
     74.6950790              0.0428703
     26.8118230              0.1187167
     10.3207020              0.2471132
      4.1782840              0.3167294
      1.7271170              0.1561712
      0.4704320              0.1220659
      0.1896130              0.2363699
      0.0739450              0.1084766
S   12   1.00
  23871.6231880              0.0000123
   3575.2431040              0.0000899
    812.8552710              0.0005071
    229.7156200              0.0018659
     74.6950790              0.0070642
     26.8118230              0.0138831
     10.3207020              0.0301222
      4.1782840             -0.0368889
      1.7271170             -0.0540948
      0.4704320              1.2504516
      0.1896130             -0.1559276
      0.0739450             -0.9685823
S   12   1.00
  23871.6231880              0.0000069
   3575.2431040              0.0000266
    812.8552710              0.0003450
    229.7156200              0.0002399
     74.6950790              0.0056364
     26.8118230             -0.0066741
     10.3207020              0.0353214
      4.1782840             -0.1599522
      1.7271170              0.1653441
      0.4704320              0.8176950
      0.1896130             -0.9019415
      0.0739450              1.1987558
S   12   1.00
  23871.6231880              0.0000021
   3575.2431040              0.0001942
    812.8552710             -0.0003247
    229.7156200              0.0062850
     74.6950790             -0.0104589
     26.8118230              0.1091443
     10.3207020             -0.1380339
      4.1782840              0.9848114
      1.7271170             -1.6536968
      0.4704320              0.0503841
      0.1896130             -0.2329241
      0.0739450              0.1546025
P   6   1.00
     22.2615140              0.0050958
      5.0583440              0.0329952
      1.4871010              0.1291787
      0.5071340              0.3499103
      0.1812120              0.4760381
      0.0646340              0.2333165
P   6   1.00
     22.2615140              0.0031665
      5.0583440              0.0093902
      1.4871010              0.0278103
      0.5071340              0.7294418
      0.1812120             -0.0976945
      0.0646340             -0.9114286
P   6   1.00
     22.2615140              0.0169122
      5.0583440              0.0613035
      1.4871010              0.6012036
      0.5071340              0.7103158
      0.1812120             -1.0318546
      0.0646340              0.6981231
P   6   1.00
     22.2615140              0.0259853
      5.0583440              0.2188494
      1.4871010              1.0177028
      0.5071340             -0.3901154
      0.1812120              0.1391047
      0.0646340             -0.2937327
D   3   1.00
      1.1100750              0.1353119
      0.4020270              0.5493251
      0.1450100              0.4713598
D   3   1.00
      1.1100750              0.2334565
      0.4020270              0.9137762
      0.1450100             -1.1319371
D   3   1.00
      1.1100750              1.1635433
      0.4020270             -0.2909709
      0.1450100              0.0050838
F   2   1.00
      0.8820600              0.3554086
      0.3110210              0.7575133
F   2   1.00
      0.8820600              1.1973097
      0.3110210             -0.5617515
G   1   1.00
      0.6730460              1.0000000
****
