****
BE    0
S   12   1.00
  14630.4535340              0.0000546
   2191.0679220              0.0004248
    498.2154440              0.0022227
    140.9043680              0.0092349
     45.8614220              0.0316580
     16.4705110              0.0885110
      6.3191960              0.1884173
      2.5350790              0.2798759
      1.0350320              0.2102481
      0.2528080             -0.2348295
      0.1052030             -0.5642012
      0.0426110             -0.2156452
S   12   1.00
  14630.4535340              0.0000777
   2191.0679220              0.0006035
    498.2154440              0.0031598
    140.9043680              0.0130743
     45.8614220              0.0446549
     16.4705110              0.1224891
      6.3191960              0.2525119
      2.5350790              0.3255625
      1.0350320              0.1545723
      0.2528080              0.1155579
      0.1052030              0.2406757
      0.0426110              0.0957620
S   12   1.00
  14630.4535340              0.0000136
   2191.0679220              0.0000936
    498.2154440              0.0005802
    140.9043680              0.0018520
     45.8614220              0.0082324
     16.4705110              0.0112757
      6.3191960              0.0382514
      2.5350790             -0.0615937
      1.0350320             -0.0344997
      0.2528080              1.5041531
      0.1052030             -0.4152181
      0.0426110             -0.6258464
S   12   1.00
  14630.4535340             -0.0000036
   2191.0679220              0.0000362
    498.2154440             -0.0002945
    140.9043680              0.0015384
     45.8614220             -0.0061840
     16.4705110              0.0324991
      6.3191960             -0.0595839
      2.5350790              0.2770141
      1.0350320             -0.4042980
      0.2528080             -0.3317518
      0.1052030              0.5594179
      0.0426110             -1.1765844
S   12   1.00
  14630.4535340              0.0000175
   2191.0679220              0.0003198
    498.2154440              0.0002938
    140.9043680              0.0091971
     45.8614220              0.0001450
     16.4705110              0.1535856
      6.3191960             -0.0535894
      2.5350790              0.8650983
      1.0350320             -1.6193473
      0.2528080              0.1069551
      0.1052030             -0.4181420
      0.0426110              0.5381189
P   6   1.00
     14.0304350              0.0040660
      3.1680980              0.0236569
      0.9024280              0.0847445
      0.3036090              0.4240445
      0.1130040              0.5453638
      0.0428610              0.0669718
P   6   1.00
     14.0304350              0.0065740
      3.1680980              0.1726628
      0.9024280              0.4372293
      0.3036090             -1.9121515
      0.1130040              1.4165966
      0.0428610             -0.0431127
P   6   1.00
     14.0304350              0.0071795
      3.1680980             -0.3836535
      0.9024280              0.7925391
      0.3036090             -0.0220060
      0.1130040             -0.2001557
      0.0428610              0.9014650
P   6   1.00
     14.0304350              0.1123684
      3.1680980             -0.2929556
      0.9024280             -0.6672526
      0.3036090             -0.0941352
      0.1130040              0.1288986
      0.0428610              0.4873754
D   3   1.00
      1.0720330              0.0898635
      0.4410140             -0.3040043
      0.1811060             -0.7963792
D   3   1.00
      1.0720330              0.2867373
      0.4410140             -1.5769516
      0.1811060              0.6343299
D   3   1.00
      1.0720330              0.8591504
      0.4410140              0.1692305
      0.1811060              0.0323457
F   2   1.00
      0.4810150              0.0437548
      0.2550080             -1.0346706
F   2   1.00
      0.4810150              0.9669753
      0.2550080              0.0408921
G   1   1.00
      0.4150130              1.0000000
****
