! ANO-VT-QZ - Atomic Natural Orbital - Virial Theorem - Quadruple Zeta basis sets
!
! Please cite:
! Daniel Claudino, Ricardo Gargano, and Rodney J. Bartlett The Journal of Chemical Physics 144, 104106 (2016); https://doi.org/10.1063/1.4943275
! Daniel Claudino, Ricardo Gargano, and Rodney J. Bartlett The Journal of Chemical Physics 145, 019901 (2016); https://doi.org/10.1063/1.4954989
! 
****
C     0
S   12   1.00
  33980.9174660              0.0000550
   5089.1374040              0.0004278
   1157.0312390              0.0022408
    326.6088180              0.0093692
    106.1028650              0.0323560
     38.1110290              0.0918389
     14.7503980              0.1967628
      6.0351630              0.2941050
      2.5300680              0.1990918
      0.7355200             -0.2546181
      0.2905080             -0.5338865
      0.1111030             -0.2527813
S   12   1.00
  33980.9174660              0.0000755
   5089.1374040              0.0005858
   1157.0312390              0.0030753
    326.6088180              0.0127697
    106.1028650              0.0439693
     38.1110290              0.1213149
     14.7503980              0.2495866
      6.0351630              0.3101175
      2.5300680              0.1515411
      0.7355200              0.1263171
      0.2905080              0.2294442
      0.1111030              0.1128173
S   12   1.00
  33980.9174660              0.0000112
   5089.1374040              0.0000841
   1157.0312390              0.0004592
    326.6088180              0.0017716
    106.1028650              0.0063430
     38.1110290              0.0137274
     14.7503980              0.0253418
      6.0351630             -0.0272723
      2.5300680             -0.0500313
      0.7355200              1.0328533
      0.2905080              0.0240769
      0.1111030             -1.1367505
S   12   1.00
  33980.9174660              0.0000103
   5089.1374040              0.0000560
   1157.0312390              0.0004709
    326.6088180              0.0009103
    106.1028650              0.0071711
     38.1110290             -0.0008000
     14.7503980              0.0361751
      6.0351630             -0.1679951
      2.5300680              0.1552772
      0.7355200              1.1708809
      0.2905080             -1.0714393
      0.1111030              1.0392054
S   12   1.00
  33980.9174660              0.0001739
   5089.1374040              0.0001563
   1157.0312390             -0.0003594
    326.6088180              0.0052260
    106.1028650             -0.0103685
     38.1110290              0.0938487
     14.7503980             -0.1285043
      6.0351630              0.9709228
      2.5300680             -1.6751302
      0.7355200              0.0743091
      0.2905080             -0.2099069
      0.1111030              0.1117230
P   6   1.00
     34.5109320              0.0053899
      7.9152140              0.0361876
      2.3680640              0.1417799
      0.8132220              0.3494984
      0.2890080              0.4607020
      0.1007030              0.2457177
P   6   1.00
     34.5109320              0.0060638
      7.9152140              0.0338094
      2.3680640              0.1489727
      0.8132220              0.7149866
      0.2890080             -0.1621594
      0.1007030             -0.8040000
P   6   1.00
     34.5109320              0.0180790
      7.9152140              0.0806654
      2.3680640              0.6577435
      0.8132220              0.5431741
      0.2890080             -1.0595194
      0.1007030              0.8221341
P   6   1.00
     34.5109320              0.0266462
      7.9152140              0.2314577
      2.3680640              1.0597880
      0.8132220             -0.5089443
      0.2890080              0.1936510
      0.1007030             -0.2853534
D   3   1.00
      1.8480500              0.1298553
      0.6490180              0.5423665
      0.2280060              0.4895048
D   3   1.00
      1.8480500              0.4044184
      0.6490180              0.7774825
      0.2280060             -0.9687265
D   3   1.00
      1.8480500              1.2086985
      0.6490180             -0.4319349
      0.2280060              0.1579375
F   2   1.00
      1.4190380              0.3377855
      0.4850130              0.7767995
F   2   1.00
      1.4190380              1.1777356
      0.4850130             -0.5121297
G   1   1.00
      1.0110270              1.0000000
****
