****
CL    0
S   16   1.00
 834905.4712400              0.0000091
 125000.8191460              0.0000704
  28430.1863070              0.0003710
   8033.0526420              0.0015672
   2608.0170910              0.0057001
    933.9061200              0.0181927
    360.0023590              0.0507867
    147.0009630              0.1168249
     62.8804120              0.2023793
     27.6001810              0.1924186
     11.0800730             -0.0934590
      5.0750330             -0.5466719
      2.2780150             -0.5437079
      0.7775050              0.1948666
      0.3527020              0.5346271
      0.1431010              0.2153154
S   16   1.00
 834905.4712400              0.0000156
 125000.8191460              0.0001209
  28430.1863070              0.0006363
   8033.0526420              0.0026873
   2608.0170910              0.0097279
    933.9061200              0.0308185
    360.0023590              0.0839765
    147.0009630              0.1840843
     62.8804120              0.2822609
     27.6001810              0.2229235
     11.0800730             -0.0218109
      5.0750330             -0.1984170
      2.2780150             -0.0685850
      0.7775050             -0.1834739
      0.3527020             -0.3818799
      0.1431010             -0.1592586
S   16   1.00
 834905.4712400              0.0000162
 125000.8191460              0.0001259
  28430.1863070              0.0006623
   8033.0526420              0.0027952
   2608.0170910              0.0100865
    933.9061200              0.0317347
    360.0023590              0.0848290
    147.0009630              0.1778793
     62.8804120              0.2412181
     27.6001810              0.1461025
     11.0800730              0.0891267
      5.0750330              0.2286094
      2.2780150              0.1497024
      0.7775050              0.0824628
      0.3527020              0.1532076
      0.1431010              0.0653067
S   16   1.00
 834905.4712400              0.0000011
 125000.8191460              0.0000095
  28430.1863070              0.0000492
   8033.0526420              0.0002104
   2608.0170910              0.0007389
    933.9061200              0.0023191
    360.0023590              0.0056331
    147.0009630              0.0103196
     62.8804120              0.0049554
     27.6001810             -0.0054941
     11.0800730              0.0108201
      5.0750330              0.0916246
      2.2780150             -0.2536025
      0.7775050              1.5768829
      0.3527020             -0.3582566
      0.1431010             -0.9475311
S   16   1.00
 834905.4712400              0.0000046
 125000.8191460              0.0000025
  28430.1863070              0.0000194
   8033.0526420              0.0000464
   2608.0170910              0.0003256
    933.9061200              0.0003653
    360.0023590              0.0029883
    147.0009630             -0.0011527
     62.8804120              0.0118455
     27.6001810             -0.0310729
     11.0800730              0.0802367
      5.0750330             -0.2294907
      2.2780150              0.1950903
      0.7775050              0.5950606
      0.3527020             -0.7099098
      0.1431010              1.1854723
S   16   1.00
 834905.4712400              0.0000105
 125000.8191460              0.0000092
  28430.1863070              0.0000197
   8033.0526420              0.0002442
   2608.0170910              0.0001416
    933.9061200              0.0032958
    360.0023590             -0.0014148
    147.0009630              0.0253684
     62.8804120             -0.0490774
     27.6001810              0.1126184
     11.0800730             -0.2161731
      5.0750330              1.2809912
      2.2780150             -1.5375509
      0.7775050             -0.1869636
      0.3527020             -0.4010715
      0.1431010              0.3727839
P   11   1.00
   1703.0111600              0.0003956
    403.6026450              0.0033872
    130.3008540              0.0178562
     49.0503210              0.0666577
     20.2601330              0.1772496
      8.7870580              0.3110069
      3.9190260              0.3273929
      1.7650120              0.0610742
      0.7207050             -0.3015467
      0.2839020             -0.3941778
      0.1060010             -0.1747031
P   11   1.00
   1703.0111600              0.0003288
    403.6026450              0.0028220
    130.3008540              0.0147642
     49.0503210              0.0548774
     20.2601330              0.1429352
      8.7870580              0.2486763
      3.9190260              0.2460425
      1.7650120              0.1434515
      0.7207050              0.2205895
      0.2839020              0.2742448
      0.1060010              0.1219273
P   11   1.00
   1703.0111600              0.0000085
    403.6026450              0.0000091
    130.3008540              0.0004712
     49.0503210              0.0006724
     20.2601330              0.0096392
      8.7870580              0.0058298
      3.9190260              0.0488079
      1.7650120             -0.0999565
      0.7207050             -0.9425228
      0.2839020              0.4366489
      0.1060010              0.7186301
P   11   1.00
   1703.0111600              0.0001086
    403.6026450              0.0002570
    130.3008540              0.0052014
     49.0503210              0.0049576
     20.2601330              0.0693939
      8.7870580             -0.0103447
      3.9190260              0.3157956
      1.7650120             -0.8591289
      0.7207050             -0.3474640
      0.2839020              0.9359958
      0.1060010             -1.1662434
P   11   1.00
   1703.0111600              0.0002344
    403.6026450              0.0013917
    130.3008540              0.0110715
     49.0503210              0.0288860
     20.2601330              0.1376015
      8.7870580              0.0996998
      3.9190260              0.4025698
      1.7650120             -1.5208183
      0.7207050              0.5126733
      0.2839020             -0.4632288
      0.1060010              0.7122969
D   3   1.00
      0.2540020              0.3921126
      0.6280040              0.5494675
      1.5510100              0.2001708
D   3   1.00
      0.2540020              1.1926683
      0.6280040             -0.7134057
      1.5510100             -0.3780121
D   3   1.00
      0.2540020              0.0904502
      0.6280040             -0.5392823
      1.5510100              1.3031442
F   2   1.00
      0.4230030              0.6588045
      1.0890070              0.4491401
F   2   1.00
      0.4230030              0.8619786
      1.0890070             -1.2643613
G   1   1.00
      0.8270050              1.0000000
****
