****
F     0
S   12   1.00
  74528.2709140              0.0000576
  11169.7408580              0.0004479
   2542.9410030              0.0023364
    720.9832730              0.0097051
    235.8945270              0.0331717
     85.5980140              0.0937715
     33.5492220              0.2005903
     13.9296770              0.2988561
      5.9148630              0.1853592
      1.8429570             -0.2755327
      0.7123830             -0.5296516
      0.2636940             -0.2530894
S   12   1.00
  74528.2709140              0.0000791
  11169.7408580              0.0006134
   2542.9410030              0.0032078
    720.9832730              0.0132153
    235.8945270              0.0450080
     85.5980140              0.1229511
     33.5492220              0.2503991
     13.9296770              0.3032541
      5.9148630              0.1512073
      1.8429570              0.1327891
      0.7123830              0.2222659
      0.2636940              0.1095728
S   12   1.00
  74528.2709140              0.0000125
  11169.7408580              0.0000948
   2542.9410030              0.0005137
    720.9832730              0.0019701
    235.8945270              0.0069046
     85.5980140              0.0145440
     33.5492220              0.0243527
     13.9296770             -0.0429777
      5.9148630             -0.0379213
      1.8429570              1.1382712
      0.7123830             -0.1373002
      0.2636940             -1.0047235
S   12   1.00
  74528.2709140              0.0000094
  11169.7408580              0.0000388
   2542.9410030              0.0004635
    720.9832730              0.0003930
    235.8945270              0.0074760
     85.5980140             -0.0082428
     33.5492220              0.0455299
     13.9296770             -0.2309181
      5.9148630              0.2810486
      1.8429570              0.9431641
      0.7123830             -1.0881126
      0.2636940              1.2175320
S   12   1.00
  74528.2709140             -0.0000017
  11169.7408580              0.0001406
   2542.9410030             -0.0004318
    720.9832730              0.0048702
    235.8945270             -0.0116949
     85.5980140              0.0884529
     33.5492220             -0.1363057
     13.9296770              1.0170333
      5.9148630             -1.7799787
      1.8429570              0.1566531
      0.7123830             -0.2806098
      0.2636940              0.2374050
P   6   1.00
     80.3881350              0.0063810
     18.6295680              0.0444268
      5.6938680              0.1697535
      1.9529550              0.3636586
      0.6701840              0.4333265
      0.2165950              0.2516841
P   6   1.00
     80.3881350              0.0086727
     18.6295680              0.0569291
      5.6938680              0.2574542
      1.9529550              0.6241976
      0.6701840             -0.2091592
      0.2165950             -0.7257066
P   6   1.00
     80.3881350              0.0176121
     18.6295680              0.0784599
      5.6938680              0.6301530
      1.9529550              0.4489211
      0.6701840             -1.1887119
      0.2165950              0.9586523
P   6   1.00
     80.3881350              0.0278562
     18.6295680              0.2246464
      5.6938680              1.1361070
      1.9529550             -0.6591734
      0.6701840              0.2035414
      0.2165950             -0.2046295
D   3   1.00
      5.0138840              0.1257798
      1.7249600              0.5438823
      0.5859860              0.4980126
D   3   1.00
      5.0138840              0.4169575
      1.7249600              0.7563590
      0.5859860             -0.9313321
D   3   1.00
      5.0138840              1.2067250
      1.7249600             -0.4437621
      0.5859860              0.1798603
F   2   1.00
      3.5619170              0.3189448
      1.1479730              0.8006249
F   2   1.00
      3.5619170              1.1490951
      1.1479730             -0.4577648
G   1   1.00
      2.3759450              1.0000000
****
