****
H     0
S   6   1.00
     82.6596760              0.0020060
     12.4129550              0.0153430
      2.8246720              0.0755791
      0.7978900              0.2568752
      0.2581610              0.4973684
      0.0899110              0.2961332
S   6   1.00
     82.6596760              0.0042064
     12.4129550              0.0282250
      2.8246720              0.2266463
      0.7978900              1.0089565
      0.2581610             -0.5746877
      0.0899110             -0.5648965
S   6   1.00
     82.6596760              0.0087320
     12.4129550              0.0374035
      2.8246720              0.9034366
      0.7978900             -0.0303496
      0.2581610             -0.4660375
      0.0899110              0.7843165
S   6   1.00
     82.6596760              0.0053860
     12.4129550              0.0617258
      2.8246720              0.9914242
      0.7978900             -0.4903347
      0.2581610              0.4276035
      0.0899110             -0.9098966
P   3   1.00
      2.2925460              0.1819309
      0.8382000              0.4743125
      0.2920700              0.4810580
P   3   1.00
      2.2925460              0.3254991
      0.8382000              1.0033384
      0.2920700             -1.1123696
P   3   1.00
      2.2925460              1.2920382
      0.8382000             -0.4590710
      0.2920700             -0.0360010
D   2   1.00
      2.0624910              0.5736448
      0.6621580              0.5497288
D   2   1.00
      2.0624910              1.0728789
      0.6621580             -1.1195546
F   1   1.00
      1.3973330              1.0000000
****
