****
HE    0
S   7   1.00
    530.1042740              0.0009415
     79.5507470              0.0072299
     18.1047910              0.0360970
      5.1004360              0.1285853
      1.6138840              0.3087692
      0.5379280              0.4495145
      0.1838560              0.2421344
S   7   1.00
    530.1042740              0.0014901
     79.5507470              0.0121491
     18.1047910              0.0630817
      5.1004360              0.3369488
      1.6138840              0.7971723
      0.5379280             -0.3046675
      0.1838560             -0.6396560
S   7   1.00
    530.1042740              0.0022052
     79.5507470              0.0213406
     18.1047910              0.1075318
      5.1004360              0.9090266
      1.6138840              0.0170089
      0.5379280             -0.7478512
      0.1838560              0.8672570
S   7   1.00
    530.1042740              0.0036284
     79.5507470              0.0165707
     18.1047910              0.2423552
      5.1004360              1.1274072
      1.6138840             -0.8207115
      0.5379280              0.5911828
      0.1838560             -0.6862897
P   3   1.00
      6.0121950              0.0739292
      1.7502970              0.4765599
      0.5617000              0.5741893
P   3   1.00
      6.0121950              0.3809304
      1.7502970              0.9655416
      0.5617000             -0.8504169
P   3   1.00
      6.0121950              1.1686168
      1.7502970             -0.3429052
      0.5617000              0.1341369
D   2   1.00
      4.3120500              0.2159579
      1.2267120              0.8701618
D   2   1.00
      4.3120500              1.1162905
      1.2267120             -0.2770425
F   1   1.00
      2.6881350              1.0000000
****
