****
LI    0
S   12   1.00
   6601.0505390              0.0001170
    989.7075770              0.0009110
    225.7017280              0.0047280
     64.2904920              0.0191970
     21.1801620              0.0630470
      7.7240590              0.1632079
      3.0030230              0.3148268
      1.2120090              0.3939358
      0.4930040              0.1969179
      0.0951510              0.0099970
      0.0479100             -0.0054020
      0.0222000              0.0017040
S   12   1.00
   6601.0505390             -0.0000180
    989.7075770             -0.0001420
    225.7017280             -0.0007410
     64.2904920             -0.0030200
     21.1801620             -0.0101230
      7.7240590             -0.0270940
      3.0030230             -0.0573590
      1.2120090             -0.0938950
      0.4930040             -0.1210910
      0.0951510              0.2766080
      0.0479100              0.5495480
      0.0222000              0.2773850
S   12   1.00
   6601.0505390              0.0000043
    989.7075770              0.0000310
    225.7017280              0.0001798
     64.2904920              0.0006058
     21.1801620              0.0023201
      7.7240590              0.0033294
      3.0030230              0.0078480
      1.2120090             -0.0155154
      0.4930040             -0.0705762
      0.0951510              1.7631826
      0.0479100             -0.6180098
      0.0222000             -0.8758102
S   12   1.00
   6601.0505390              0.0000345
    989.7075770              0.0002914
    225.7017280              0.0013223
     64.2904920              0.0063813
     21.1801620              0.0162408
      7.7240590              0.0578170
      3.0030230              0.0519031
      1.2120090              0.1153503
      0.4930040             -0.2969770
      0.0951510             -0.4058220
      0.0479100              0.8668287
      0.0222000             -1.4060529
S   12   1.00
   6601.0505390              0.0001548
    989.7075770              0.0012400
    225.7017280              0.0061106
     64.2904920              0.0262999
     21.1801620              0.0770382
      7.7240590              0.2156428
      3.0030230              0.2713448
      1.2120090              0.2311278
      0.4930040             -1.1073995
      0.0951510             -0.0637532
      0.0479100             -0.2502665
      0.0222000              0.1368697
P   6   1.00
      6.2500480              0.0033880
      1.3700100              0.0193160
      0.3672030              0.0791041
      0.1192010              0.2740953
      0.0447400              0.5194885
      0.0179500              0.2844233
P   6   1.00
      6.2500480              0.0038866
      1.3700100              0.0585301
      0.3672030              0.1313594
      0.1192010             -1.1189773
      0.0447400              1.3233442
      0.0179500              0.2043556
P   6   1.00
      6.2500480              0.0335049
      1.3700100              0.2197899
      0.3672030              0.8924284
      0.1192010             -0.0577517
      0.0447400             -0.1847177
      0.0179500              0.2427091
P   6   1.00
      6.2500480              0.0237263
      1.3700100              0.2638410
      0.3672030              0.2017574
      0.1192010             -0.0729634
      0.0447400              0.0547463
      0.0179500             -0.9597490
D   3   1.00
      0.3440030              0.0462674
      0.1530010              0.4391155
      0.0680010              0.5981752
D   3   1.00
      0.3440030              0.1061731
      0.1530010             -1.6452539
      0.0680010              1.1995551
D   3   1.00
      0.3440030              1.0223815
      0.1530010              0.0054200
      0.0680010             -0.0830574
F   2   1.00
      0.2460020              0.1616042
      0.1292010              0.8667005
F   2   1.00
      0.2460020              1.1638322
      0.1292010             -0.2170071
G   1   1.00
      0.2380020              1.0000000
****
