****
MG    0
S   16   1.00
 327601.4118240              0.0000139
  49050.2113860              0.0001084
  11150.0480520              0.0005711
   3152.0135840              0.0024030
   1025.0044170              0.0086611
    368.8015890              0.0269098
    143.2006170              0.0717003
     58.9602540              0.1511317
     25.4001090              0.2298765
     11.1500480              0.1583294
      4.0040170             -0.2030039
      1.7010070             -0.5236105
      0.7060030             -0.3836064
      0.1410010              0.1982344
      0.0680800              0.3870478
      0.0306300              0.1307693
S   16   1.00
 327601.4118240              0.0000173
  49050.2113860              0.0001345
  11150.0480520              0.0007073
   3152.0135840              0.0029768
   1025.0044170              0.0106792
    368.8015890              0.0329960
    143.2006170              0.0860498
     58.9602540              0.1744463
     25.4001090              0.2375609
     11.1500480              0.1446081
      4.0040170             -0.0721939
      1.7010070             -0.1909295
      0.7060030             -0.0193097
      0.1410010             -0.2425527
      0.0680800             -0.4268088
      0.0306300             -0.1513010
S   16   1.00
 327601.4118240              0.0000234
  49050.2113860              0.0001822
  11150.0480520              0.0009569
   3152.0135840              0.0040308
   1025.0044170              0.0143834
    368.8015890              0.0442421
    143.2006170              0.1127619
     58.9602540              0.2197263
     25.4001090              0.2598927
     11.1500480              0.1319371
      4.0040170              0.1176686
      1.7010070              0.2339511
      0.7060030              0.1125018
      0.1410010              0.0722566
      0.0680800              0.1194776
      0.0306300              0.0437774
S   16   1.00
 327601.4118240              0.0000058
  49050.2113860              0.0000073
  11150.0480520              0.0000423
   3152.0135840              0.0001565
   1025.0044170              0.0006470
    368.8015890              0.0015497
    143.2006170              0.0048389
     58.9602540              0.0037914
     25.4001090              0.0063772
     11.1500480             -0.0187349
      4.0040170              0.0714159
      1.7010070             -0.0590093
      0.7060030             -0.0439875
      0.1410010              1.9061469
      0.0680800             -0.9346080
      0.0306300             -0.3736910
S   16   1.00
 327601.4118240              0.0000094
  49050.2113860              0.0000011
  11150.0480520              0.0000203
   3152.0135840              0.0000022
   1025.0044170              0.0003828
    368.8015890             -0.0003235
    143.2006170              0.0040494
     58.9602540             -0.0074293
     25.4001090              0.0223574
     11.1500480             -0.0521502
      4.0040170              0.1319806
      1.7010070             -0.3601657
      0.7060030              0.4988096
      0.1410010              0.0574961
      0.0680800             -0.3281814
      0.0306300              1.1404210
S   16   1.00
 327601.4118240              0.0000802
  49050.2113860             -0.0000016
  11150.0480520              0.0000257
   3152.0135840             -0.0000844
   1025.0044170              0.0005750
    368.8015890             -0.0016723
    143.2006170              0.0073416
     58.9602540             -0.0200656
     25.4001090              0.0519222
     11.1500480             -0.1157192
      4.0040170              0.2441192
      1.7010070             -0.9461807
      0.7060030              1.4492961
      0.1410010              0.0956152
      0.0680800              0.5350092
      0.0306300             -0.8183087
P   12   1.00
    539.6023250              0.0008349
    127.9005510              0.0069000
     41.0201770              0.0338258
     15.2500660              0.1145310
      6.1660270              0.2598062
      2.5610110              0.3855655
      1.0600050              0.3359468
      0.4176020              0.1110136
      0.2690010             -0.0134295
      0.1223010              0.0035431
      0.0547600             -0.0033611
      0.0238800              0.0004066
P   12   1.00
    539.6023250              0.0000345
    127.9005510              0.0002858
     41.0201770              0.0013505
     15.2500660              0.0043707
      6.1660270              0.0085637
      2.5610110              0.0114214
      1.0600050             -0.0052349
      0.4176020             -0.0332831
      0.2690010              0.2063097
      0.1223010              0.5851618
      0.0547600              0.3061416
      0.0238800              0.0072901
P   12   1.00
    539.6023250              0.0002912
    127.9005510              0.0025019
     41.0201770              0.0118406
     15.2500660              0.0425003
      6.1660270              0.0874304
      2.5610110              0.1356804
      1.0600050              0.0308003
      0.4176020             -0.6023603
      0.2690010              1.8274330
      0.1223010             -0.3638816
      0.0547600             -0.6087292
      0.0238800             -0.0162124
P   12   1.00
    539.6023250              0.0000609
    127.9005510              0.0008881
     41.0201770              0.0026370
     15.2500660              0.0194856
      6.1660270              0.0025732
      2.5610110              0.0618250
      1.0600050             -0.3855895
      0.4176020              0.9702591
      0.2690010              0.3258275
      0.1223010             -0.1046491
      0.0547600              0.0768405
      0.0238800             -0.0070311
P   12   1.00
    539.6023250             -0.0000095
    127.9005510              0.0002675
     41.0201770             -0.0007789
     15.2500660              0.0027704
      6.1660270             -0.0063707
      2.5610110              0.0499586
      1.0600050              0.0813590
      0.4176020             -0.2946390
      0.2690010              0.2570167
      0.1223010             -0.9769519
      0.0547600              1.6629965
      0.0238800             -0.0507882
D   3   1.00
      0.1060000              0.4294728
      0.1944010              0.4701035
      0.3570020              0.1733008
D   3   1.00
      0.1060000              1.9951865
      0.1944010             -1.8676103
      0.3570020              0.1217061
D   3   1.00
      0.1060000              0.2794407
      0.1944010              0.2153350
      0.3570020             -1.2766356
F   2   1.00
      0.1810010              0.9279570
      0.3590020              0.0911471
F   2   1.00
      0.1810010              0.1060407
      0.3590020             -1.0795862
G   1   1.00
      0.3070010              1.0000000
****
