! ANO-VT-QZ - Atomic Natural Orbital - Virial Theorem - Quadruple Zeta basis sets
!
! Please cite:
! Daniel Claudino, Ricardo Gargano, and Rodney J. Bartlett The Journal of Chemical Physics 144, 104106 (2016); https://doi.org/10.1063/1.4943275
! Daniel Claudino, Ricardo Gargano, and Rodney J. Bartlett The Journal of Chemical Physics 145, 019901 (2016); https://doi.org/10.1063/1.4954989
! 
****
N     0
S   12   1.00
  45838.0289010              0.0000559
   6867.7046790              0.0004345
   1562.9327920              0.0022695
    442.3809770              0.0094558
    144.2937950              0.0324362
     52.1777560              0.0916699
     20.3391250              0.1966015
      8.3806400              0.2950038
      3.5288480              0.1958362
      1.0539550             -0.2603640
      0.4117820             -0.5244225
      0.1551930             -0.2643069
S   12   1.00
  45838.0289010              0.0000767
   6867.7046790              0.0005952
   1562.9327920              0.0031151
    442.3809770              0.0128849
    144.2937950              0.0440515
     52.1777560              0.1207809
     20.3391250              0.2479348
      8.3806400              0.3072037
      3.5288480              0.1532785
      1.0539550              0.1290370
      0.4117820              0.2238862
      0.1551930              0.1173278
S   12   1.00
  45838.0289010              0.0000100
   6867.7046790              0.0000763
   1562.9327920              0.0004073
    442.3809770              0.0016130
    144.2937950              0.0055391
     52.1777560              0.0128035
     20.3391250              0.0218426
      8.3806400             -0.0153805
      3.5288480             -0.0511720
      1.0539550              0.8295823
      0.4117820              0.2106706
      0.1551930             -1.2688604
S   12   1.00
  45838.0289010              0.0000126
   6867.7046790              0.0000765
   1562.9327920              0.0005610
    442.3809770              0.0013521
    144.2937950              0.0081932
     52.1777560              0.0027409
     20.3391250              0.0354738
      8.3806400             -0.1729481
      3.5288480              0.1371403
      1.0539550              1.4690576
      0.4117820             -1.1477591
      0.1551930              0.7671490
S   12   1.00
  45838.0289010              0.0000014
   6867.7046790              0.0001617
   1562.9327920             -0.0002927
    442.3809770              0.0052843
    144.2937950             -0.0093512
     52.1777560              0.0925957
     20.3391250             -0.1161660
      8.3806400              0.9777714
      3.5288480             -1.6936053
      1.0539550              0.0846848
      0.4117820             -0.1920433
      0.1551930              0.0788318
P   6   1.00
     49.3278790              0.0055604
     11.3695110              0.0381791
      3.4348520              0.1495342
      1.1819490              0.3537570
      0.4172820              0.4529795
      0.1427940              0.2463926
P   6   1.00
     49.3278790              0.0073908
     11.3695110              0.0464342
      3.4348520              0.2094906
      1.1819490              0.6880783
      0.4172820             -0.2031351
      0.1427940             -0.7489527
P   6   1.00
     49.3278790              0.0181450
     11.3695110              0.0831641
      3.4348520              0.6621447
      1.1819490              0.4663788
      0.4172820             -1.0871256
      0.1427940              0.9138727
P   6   1.00
     49.3278790              0.0270247
     11.3695110              0.2339813
      3.4348520              1.0871045
      1.1819490             -0.5725881
      0.4172820              0.2122657
      0.1427940             -0.2647715
D   3   1.00
      2.8368780              0.1233184
      0.9679580              0.5349592
      0.3349860              0.5062745
D   3   1.00
      2.8368780              0.4229563
      0.9679580              0.7751867
      0.3349860             -0.9221310
D   3   1.00
      2.8368780              1.2058664
      0.9679580             -0.4463293
      0.3349860              0.1778925
F   2   1.00
      2.0269130              0.3386645
      0.6849710              0.7779519
F   2   1.00
      2.0269130              1.1730658
      0.6849710             -0.5106688
G   1   1.00
      1.4269390              1.0000000
****
