! ANO-VT-QZ - Atomic Natural Orbital - Virial Theorem - Quadruple Zeta basis sets
!
! Please cite:
! Daniel Claudino, Ricardo Gargano, and Rodney J. Bartlett The Journal of Chemical Physics 144, 104106 (2016); https://doi.org/10.1063/1.4943275
! Daniel Claudino, Ricardo Gargano, and Rodney J. Bartlett The Journal of Chemical Physics 145, 019901 (2016); https://doi.org/10.1063/1.4954989
! 
****
NA    0
S   19   1.00
      0.0739849              0.0000048
      0.1864228              0.0000372
     -0.0000825              0.0001958
     -0.0015526              0.0008267
      0.5389517              0.0030025
      1.1542980              0.0097031
     -0.6055687              0.0282340
     -0.1739517              0.0732059
      0.0000292              0.1628998
      0.0005578              0.2887096
      0.1338904              0.3468296
      0.6976676              0.2068597
      1.0455910              0.0328010
      0.7385067             -0.0006477
      0.8890020              0.0014588
      0.3964010             -0.0001783
      0.0699300              0.0000915
      0.0328900             -0.0000825
      0.0161200              0.0000292
S   19   1.00
      0.0739849             -0.0000012
      0.1864228             -0.0000091
     -0.0000825             -0.0000478
     -0.0015526             -0.0002020
      0.5389517             -0.0007358
      1.1542980             -0.0023875
     -0.6055687             -0.0070497
     -0.1739517             -0.0187860
      0.0000292             -0.0446151
      0.0005578             -0.0897742
      0.1338904             -0.1429404
      0.6976676             -0.1243203
      1.0455910              0.0999653
      0.7385067              0.4170811
      0.8890020              0.4751212
      0.3964010              0.1632704
      0.0699300              0.0030954
      0.0328900             -0.0015526
      0.0161200              0.0005578
S   19   1.00
      0.0739849              0.0000002
      0.1864228              0.0000014
     -0.0000825              0.0000072
     -0.0015526              0.0000303
      0.5389517              0.0001107
      1.1542980              0.0003586
     -0.6055687              0.0010627
     -0.1739517              0.0028269
      0.0000292              0.0067674
      0.0005578              0.0136480
      0.1338904              0.0222811
      0.6976676              0.0196011
      1.0455910             -0.0167711
      0.7385067             -0.0773732
      0.8890020             -0.1135004
      0.3964010             -0.1391304
      0.0699300              0.4400814
      0.0328900              0.5389517
      0.0161200              0.1338904
S   19   1.00
      0.0739849              0.0000000
      0.1864228              0.0000004
     -0.0000825              0.0000022
     -0.0015526              0.0000084
      0.5389517              0.0000327
      1.1542980              0.0000962
     -0.6055687              0.0003035
     -0.1739517              0.0006557
      0.0000292              0.0015561
      0.0005578              0.0013407
      0.1338904              0.0009984
      0.6976676             -0.0045978
      1.0455910              0.0120986
      0.7385067              0.0105534
      0.8890020              0.0239288
      0.3964010             -0.0572366
      0.0699300             -1.4184155
      0.0328900              1.1542980
      0.0161200              0.6976676
S   19   1.00
      0.0739849              0.0000007
      0.1864228              0.0000046
     -0.0000825              0.0000250
     -0.0015526              0.0001026
      0.5389517              0.0003835
      1.1542980              0.0011767
     -0.6055687              0.0035142
     -0.1739517              0.0080195
      0.0000292              0.0169069
      0.0005578              0.0154361
      0.1338904             -0.0036013
      0.6976676             -0.0532767
      1.0455910              0.1261306
      0.7385067              0.2128953
      0.8890020              0.1695599
      0.3964010             -1.1591897
      0.0699300              0.0739849
      0.0328900             -0.6055687
      0.0161200              1.0455910
S   19   1.00
      0.0739849              0.0000001
      0.1864228              0.0000006
     -0.0000825              0.0000022
     -0.0015526              0.0000151
      0.5389517              0.0000278
      1.1542980              0.0001955
     -0.6055687              0.0001832
     -0.1739517              0.0016429
      0.0000292             -0.0000502
      0.0005578              0.0080444
      0.1338904             -0.0125412
      0.6976676              0.0242050
      1.0455910             -0.0648144
      0.7385067              0.1369250
      0.8890020             -0.3582703
      0.3964010              0.7336403
      0.0699300              0.1864228
      0.0328900             -0.1739517
      0.0161200              0.7385067
P   12   1.00
    413.4008680              0.0009082
     97.9802060              0.0074177
     31.3700660              0.0357461
     11.6200240              0.1185202
      4.6710100              0.2614005
      1.9180040              0.3784007
      0.7775020              0.3346306
      0.3013010              0.1268402
      0.2275000             -0.0147120
      0.0752700              0.0056865
      0.0312600             -0.0017097
      0.0134200              0.0005471
P   12   1.00
    413.4008680             -0.0000902
     97.9802060             -0.0007393
     31.3700660             -0.0035731
     11.6200240             -0.0120141
      4.6710100             -0.0267182
      1.9180040             -0.0392753
      0.7775020             -0.0376082
      0.3013010             -0.0433233
      0.2275000              0.0518003
      0.0752700              0.2601917
      0.0312600              0.5496836
      0.0134200              0.2818718
P   12   1.00
    413.4008680              0.0000850
     97.9802060              0.0006304
     31.3700660              0.0035174
     11.6200240              0.0109432
      4.6710100              0.0290237
      1.9180040              0.0296982
      0.7775020              0.0723899
      0.3013010             -0.3325299
      0.2275000              0.4180291
      0.0752700              0.4496007
      0.0312600             -1.2636549
      0.0134200             -0.0749916
P   12   1.00
    413.4008680              0.0007590
     97.9802060              0.0058350
     31.3700660              0.0297160
     11.6200240              0.0893446
      4.6710100              0.2143079
      1.9180040              0.2424598
      0.7775020              0.3411659
      0.3013010             -1.7457029
      0.2275000              2.3928736
      0.0752700             -1.2420866
      0.0312600              0.8202980
      0.0134200              0.3330626
P   12   1.00
    413.4008680              0.0000988
     97.9802060              0.0015581
     31.3700660              0.0035128
     11.6200240              0.0276602
      4.6710100             -0.0155022
      1.9180040              0.0977936
      0.7775020             -0.3418480
      0.3013010              0.6690683
      0.2275000              0.5179504
      0.0752700             -0.0010365
      0.0312600             -0.0307060
      0.0134200              0.1385879
D   3   1.00
      0.1538000              0.2562454
      0.0865000              0.4061855
      0.0487000              0.4158249
D   3   1.00
      0.1538000              2.6134022
      0.0865000             -3.3285291
      0.0487000              1.6409024
D   3   1.00
      0.1538000              1.0335089
      0.0865000              0.3357897
      0.0487000             -0.9648889
F   2   1.00
      0.1912000              0.1163565
      0.1036000              0.9031876
F   2   1.00
      0.1912000              1.1129505
      0.1036000             -0.1433800
G   1   1.00
      0.1722000              1.0000000
****
