! ANO-VT-QZ - Atomic Natural Orbital - Virial Theorem - Quadruple Zeta basis sets
!
! Please cite:
! Daniel Claudino, Ricardo Gargano, and Rodney J. Bartlett The Journal of Chemical Physics 144, 104106 (2016); https://doi.org/10.1063/1.4943275
! Daniel Claudino, Ricardo Gargano, and Rodney J. Bartlett The Journal of Chemical Physics 145, 019901 (2016); https://doi.org/10.1063/1.4954989
! 
****
NE    0
S   12   1.00
  99918.7010440              0.0000526
  14959.8055210              0.0004096
   3398.9558130              0.0021482
    958.8875340              0.0090146
    311.1959540              0.0313927
    111.6985480              0.0908499
     43.3194370              0.1996235
     17.7997690              0.3040145
      7.5029020              0.1916208
      2.3369700             -0.2728395
      0.9000880             -0.5298988
      0.3300960             -0.2547933
S   12   1.00
  99918.7010440              0.0000713
  14959.8055210              0.0005536
   3398.9558130              0.0029113
    958.8875340              0.0121155
    311.1959540              0.0420631
    111.6985480              0.1176760
     43.3194370              0.2462620
     17.7997690              0.3058847
      7.5029020              0.1562402
      2.3369700              0.1346204
      0.9000880              0.2247220
      0.3300960              0.1114996
S   12   1.00
  99918.7010440              0.0000115
  14959.8055210              0.0000870
   3398.9558130              0.0004747
    958.8875340              0.0018362
    311.1959540              0.0065715
    111.6985480              0.0141627
     43.3194370              0.0239508
     17.7997690             -0.0452898
      7.5029020             -0.0413264
      2.3369700              1.1789176
      0.9000880             -0.1724058
      0.3300960             -0.9642861
S   12   1.00
  99918.7010440              0.0000078
  14959.8055210              0.0000220
   3398.9558130              0.0004018
    958.8875340              0.0000203
    311.1959540              0.0069293
    111.6985480             -0.0116185
     43.3194370              0.0479432
     17.7997690             -0.2533400
      7.5029020              0.3161277
      2.3369700              0.8643063
      0.9000880             -1.0583661
      0.3300960              1.2453286
S   12   1.00
  99918.7010440              0.0001630
  14959.8055210              0.0001506
   3398.9558130             -0.0003515
    958.8875340              0.0050313
    311.1959540             -0.0103994
    111.6985480              0.0891611
     43.3194370             -0.1278107
     17.7997690              1.0379140
      7.5029020             -1.7962991
      2.3369700              0.1690914
      0.9000880             -0.3135668
      0.3300960              0.2891008
P   6   1.00
     99.6787040              0.0066005
     23.1496990              0.0462023
      7.1079080              0.1747576
      2.4409680              0.3657148
      0.8338890              0.4298866
      0.2661970              0.2503595
P   6   1.00
     99.6787040              0.0094584
     23.1496990              0.0629328
      7.1079080              0.2843108
      2.4409680              0.6241843
      0.8338890             -0.2571405
      0.2661970             -0.6805722
P   6   1.00
     99.6787040              0.0182957
     23.1496990              0.0758560
      7.1079080              0.6675017
      2.4409680              0.3115650
      0.8338890             -1.1255621
      0.2661970              0.9971408
P   6   1.00
     99.6787040              0.0277129
     23.1496990              0.2372950
      7.1079080              1.1359907
      2.4409680             -0.7112037
      0.8338890              0.2664256
      0.2661970             -0.2560503
D   3   1.00
      6.4709160              0.1235250
      2.2129710              0.5443784
      0.7469900              0.5004735
D   3   1.00
      6.4709160              0.4138918
      2.2129710              0.7588588
      0.7469900             -0.9275861
D   3   1.00
      6.4709160              1.2027498
      2.2129710             -0.4373581
      0.7469900              0.1788678
F   2   1.00
      4.6569390              0.2960751
      1.5239800              0.8153649
F   2   1.00
      4.6569390              1.1474221
      1.5239800             -0.4166517
G   1   1.00
      2.9829610              1.0000000
****
