****
O     0
S   12   1.00
  61415.7129590              0.0000546
   9198.3579210              0.0004249
   2090.8540510              0.0022248
    590.8587560              0.0092968
    192.2865780              0.0321028
     69.3151620              0.0915543
     26.9681180              0.1982503
     11.0992250              0.2989321
      4.6816730              0.1933253
      1.4279000             -0.2670406
      0.5546610             -0.5283289
      0.2066860             -0.2580168
S   12   1.00
  61415.7129590              0.0000746
   9198.3579210              0.0005794
   2090.8540510              0.0030405
    590.8587560              0.0126076
    192.2865780              0.0433934
     69.3151620              0.1198606
     26.9681180              0.2478427
     11.0992250              0.3065254
      4.6816730              0.1537938
      1.4279000              0.1315227
      0.5546610              0.2244010
      0.2066860              0.1135933
S   12   1.00
  61415.7129590              0.0000111
   9198.3579210              0.0000840
   2090.8540510              0.0004528
    590.8587560              0.0017732
    192.2865780              0.0061972
     69.3151620              0.0138068
     26.9681180              0.0232774
     11.0992250             -0.0300788
      4.6816730             -0.0481875
      1.4279000              1.0254437
      0.5546610              0.0025878
      0.2066860             -1.1139365
S   12   1.00
  61415.7129590              0.0000102
   9198.3579210              0.0000524
   2090.8540510              0.0004733
    590.8587560              0.0007926
    192.2865780              0.0073106
     69.3151620             -0.0027298
     26.9681180              0.0375965
     11.0992250             -0.1956298
      4.6816730              0.1967543
      1.4279000              1.1900372
      0.5546610             -1.1585933
      0.2066860              1.0903723
S   12   1.00
  61415.7129590              0.0001646
   9198.3579210              0.0001490
   2090.8540510             -0.0003727
    590.8587560              0.0050223
    192.2865780             -0.0107023
     69.3151620              0.0897958
     26.9681180             -0.1289480
     11.0992250              1.0030257
      4.6816730             -1.7304215
      1.4279000              0.1065148
      0.5546610             -0.2230658
      0.2066860              0.1436737
P   6   1.00
     63.4155730              0.0060788
     14.6589770              0.0420374
      4.4586890              0.1621696
      1.5308930              0.3605474
      0.5301630              0.4390524
      0.1749880              0.2516607
P   6   1.00
     63.4155730              0.0075628
     14.6589770              0.0489427
      4.4586890              0.2186506
      1.5308930              0.6124362
      0.5301630             -0.1309351
      0.1749880             -0.7982444
P   6   1.00
     63.4155730              0.0168943
     14.6589770              0.0812968
      4.4586890              0.5878529
      1.5308930              0.6288670
      0.5301630             -1.2289136
      0.1749880              0.8502282
P   6   1.00
     63.4155730              0.0279242
     14.6589770              0.2150436
      4.4586890              1.1271209
      1.5308930             -0.5944873
      0.5301630              0.1409089
      0.1749880             -0.1570369
D   3   1.00
      3.7747370              0.1289205
      1.2999090              0.5453188
      0.4439690              0.4933503
D   3   1.00
      3.7747370              0.4192048
      1.2999090              0.7508834
      0.4439690             -0.9395250
D   3   1.00
      3.7747370              1.2091426
      1.2999090             -0.4491726
      0.4439690              0.1805188
F   2   1.00
      2.6658140              0.3351636
      0.8589400              0.7883704
F   2   1.00
      2.6658140              1.1527496
      0.8589400             -0.4900738
G   1   1.00
      1.8458710              1.0000000
****
