****
P     0
S   16   1.00
 615201.2536710              0.0000099
  92120.1877250              0.0000767
  20950.0426920              0.0004038
   5920.0120640              0.0017050
   1922.0039170              0.0061927
    688.0014020              0.0197197
    265.0005400              0.0545781
    108.2002200              0.1232096
     46.2200940              0.2070714
     20.2300410              0.1817890
      7.8590160             -0.1217419
      3.5470070             -0.5342405
      1.5640030             -0.5024395
      0.4888010              0.1793699
      0.2266000              0.5071826
      0.0933100              0.2118833
S   16   1.00
 615201.2536710              0.0000162
  92120.1877250              0.0001260
  20950.0426920              0.0006631
   5920.0120640              0.0027999
   1922.0039170              0.0101209
    688.0014020              0.0320072
    265.0005400              0.0865202
    108.2002200              0.1865569
     46.2200940              0.2780505
     20.2300410              0.2053337
      7.8590160             -0.0382983
      3.5470070             -0.2018733
      1.5640030             -0.0590732
      0.4888010             -0.1758198
      0.2266000             -0.3906570
      0.0933100             -0.1691082
S   16   1.00
 615201.2536710              0.0000175
  92120.1877250              0.0001363
  20950.0426920              0.0007165
   5920.0120640              0.0030248
   1922.0039170              0.0108938
    688.0014020              0.0342361
    265.0005400              0.0907077
    108.2002200              0.1873095
     46.2200940              0.2457275
     20.2300410              0.1409714
      7.8590160              0.0964650
      3.5470070              0.2331314
      1.5640030              0.1422415
      0.4888010              0.0743860
      0.2266000              0.1483683
      0.0933100              0.0655085
S   16   1.00
 615201.2536710              0.0000011
  92120.1877250              0.0000091
  20950.0426920              0.0000486
   5920.0120640              0.0001992
   1922.0039170              0.0007317
    688.0014020              0.0021527
    265.0005400              0.0055715
    108.2002200              0.0084891
     46.2200940              0.0051464
     20.2300410             -0.0121523
      7.8590160              0.0345227
      3.5470070              0.0213433
      1.5640030             -0.1662831
      0.4888010              1.6499687
      0.2266000             -0.4109349
      0.0933100             -0.7349867
S   16   1.00
 615201.2536710              0.0000049
  92120.1877250              0.0000020
  20950.0426920              0.0000150
   5920.0120640              0.0000399
   1922.0039170              0.0002482
    688.0014020              0.0003403
    265.0005400              0.0021991
    108.2002200             -0.0004283
     46.2200940              0.0074934
     20.2300410             -0.0205464
      7.8590160              0.0598438
      3.5470070             -0.1619021
      1.5640030              0.1436447
      0.4888010              0.4233482
      0.2266000             -0.7075370
      0.0933100              1.3119767
S   16   1.00
 615201.2536710              0.0000093
  92120.1877250              0.0000073
  20950.0426920              0.0000087
   5920.0120640              0.0002048
   1922.0039170             -0.0000309
    688.0014020              0.0028767
    265.0005400             -0.0028796
    108.2002200              0.0236107
     46.2200940             -0.0505503
     20.2300410              0.1124989
      7.8590160             -0.2089898
      3.5470070              1.1590311
      1.5640030             -1.4691411
      0.4888010             -0.1573075
      0.2266000             -0.3324027
      0.0933100              0.1869735
P   11   1.00
   1367.0027860              0.0004318
    324.0006600              0.0037001
    104.6002130              0.0194220
     39.3700800              0.0724260
     16.2600330              0.1937780
      7.0560140              0.3488140
      3.1300060              0.3973722
      1.3940030              0.1912442
      0.5179010             -0.0854257
      0.2032000             -0.1714370
      0.0769800             -0.0795212
P   11   1.00
   1367.0027860              0.0001479
    324.0006600              0.0012755
    104.6002130              0.0066138
     39.3700800              0.0246474
     16.2600330              0.0640336
      7.0560140              0.1152977
      3.1300060              0.1193042
      1.3940030              0.0928952
      0.5179010              0.2882697
      0.2032000              0.4546249
      0.0769800              0.2157004
P   11   1.00
   1367.0027860              0.0000068
    324.0006600              0.0000373
    104.6002130              0.0003566
     39.3700800              0.0010314
     16.2600330              0.0062894
      7.0560140              0.0102013
      3.1300060              0.0344887
      1.3940030              0.0033313
      0.5179010             -0.9860194
      0.2032000              0.2260630
      0.0769800              0.8133263
P   11   1.00
   1367.0027860              0.0001064
    324.0006600              0.0002000
    104.6002130              0.0050398
     39.3700800              0.0031755
     16.2600330              0.0646689
      7.0560140             -0.0150770
      3.1300060              0.3097915
      1.3940030             -0.5585283
      0.5179010             -0.7319650
      0.2032000              1.0571616
      0.0769800             -1.1923856
P   11   1.00
   1367.0027860              0.0003158
    324.0006600              0.0015912
    104.6002130              0.0147966
     39.3700800              0.0314422
     16.2600330              0.1797439
      7.0560140              0.1059094
      3.1300060              0.5928317
      1.3940030             -1.5642138
      0.5179010              0.3125938
      0.2032000             -0.2970393
      0.0769800              0.4400317
D   3   1.00
      0.1650000              0.4095059
      0.4130010              0.5585497
      1.0360020              0.1703731
D   3   1.00
      0.1650000              1.1879685
      0.4130010             -0.7626793
      1.0360020             -0.3550188
D   3   1.00
      0.1650000              0.0878016
      0.4130010             -0.4467179
      1.0360020              1.2534772
F   2   1.00
      0.2800010              0.6377063
      0.7030010              0.4667232
F   2   1.00
      0.2800010              0.9353196
      0.7030010             -1.2779720
G   1   1.00
      0.5970010              1.0000000
****
