****
S     0
S   16   1.00
 727801.4958000              0.0000093
 109000.2240200              0.0000723
  24800.0509700              0.0003803
   7014.0144150              0.0016039
   2278.0046820              0.0058353
    814.7016740              0.0186594
    313.4006440              0.0520628
    127.7002620              0.1192377
     54.4801120              0.2043789
     23.8500490              0.1882581
      9.4280190             -0.1049402
      4.2900090             -0.5405265
      1.9090040             -0.5268596
      0.6270010              0.1878170
      0.2873010              0.5237814
      0.1172000              0.2130899
S   16   1.00
 727801.4958000              0.0000157
 109000.2240200              0.0001221
  24800.0509700              0.0006418
   7014.0144150              0.0027065
   2278.0046820              0.0098007
    814.7016740              0.0311169
    313.4006440              0.0847803
    127.7002620              0.1852451
     54.4801120              0.2813327
     23.8500490              0.2162491
      9.4280190             -0.0285165
      4.2900090             -0.2001236
      1.9090040             -0.0645516
      0.6270010             -0.1797347
      0.2873010             -0.3858426
      0.1172000             -0.1627173
S   16   1.00
 727801.4958000              0.0000166
 109000.2240200              0.0001288
  24800.0509700              0.0006768
   7014.0144150              0.0028528
   2278.0046820              0.0102960
    814.7016740              0.0324755
    313.4006440              0.0867800
    127.7002620              0.1815130
     54.4801120              0.2434106
     23.8500490              0.1441653
      9.4280190              0.0920342
      4.2900090              0.2309971
      1.9090040              0.1470638
      0.6270010              0.0790417
      0.2873010              0.1517775
      0.1172000              0.0654005
S   16   1.00
 727801.4958000              0.0000011
 109000.2240200              0.0000090
  24800.0509700              0.0000472
   7014.0144150              0.0001996
   2278.0046820              0.0007090
    814.7016740              0.0021963
    313.4006440              0.0054222
    127.7002620              0.0095029
     54.4801120              0.0046216
     23.8500490             -0.0072143
      9.4280190              0.0175583
      4.2900090              0.0687524
      1.9090040             -0.2211727
      0.6270010              1.5768465
      0.2873010             -0.3388196
      0.1172000             -0.9257133
S   16   1.00
 727801.4958000              0.0000047
 109000.2240200              0.0000026
  24800.0509700              0.0000191
   7014.0144150              0.0000515
   2278.0046820              0.0003141
    814.7016740              0.0004510
    313.4006440              0.0028014
    127.7002620             -0.0002978
     54.4801120              0.0096798
     23.8500490             -0.0257656
      9.4280190              0.0695114
      4.2900090             -0.1899813
      1.9090040              0.1555720
      0.6270010              0.5858612
      0.2873010             -0.7240573
      0.1172000              1.2132621
S   16   1.00
 727801.4958000              0.0000099
 109000.2240200              0.0000083
  24800.0509700              0.0000145
   7014.0144150              0.0002238
   2278.0046820              0.0000614
    814.7016740              0.0030749
    313.4006440             -0.0020224
    127.7002620              0.0244555
     54.4801120             -0.0490273
     23.8500490              0.1126939
      9.4280190             -0.2177279
      4.2900090              1.2256858
      1.9090040             -1.5000933
      0.6270010             -0.1792762
      0.2873010             -0.3604740
      0.1172000              0.2709896
P   11   1.00
   1546.0031770              0.0004263
    366.4007530              0.0036434
    118.4002430              0.0191957
     44.5300920              0.0718544
     18.3800380              0.1924245
      7.9650160              0.3434460
      3.5410070              0.3779197
      1.5910030              0.1353369
      0.6205010             -0.2008099
      0.2420000             -0.3019087
      0.0901400             -0.1386647
P   11   1.00
   1546.0031770              0.0002467
    366.4007530              0.0021172
    118.4002430              0.0110589
     44.5300920              0.0413179
     18.3800380              0.1082895
      7.9650160              0.1926780
      3.5410070              0.1976865
      1.5910030              0.1306554
      0.6205010              0.2605066
      0.2420000              0.3557701
      0.0901400              0.1649358
P   11   1.00
   1546.0031770              0.0000049
    366.4007530              0.0000175
    118.4002430              0.0002794
     44.5300920              0.0007267
     18.3800380              0.0061130
      7.9650160              0.0082330
      3.5410070              0.0310634
      1.5910030             -0.0226200
      0.6205010             -0.9110368
      0.2420000              0.2680139
      0.0901400              0.8276732
P   11   1.00
   1546.0031770              0.0000831
    366.4007530              0.0001886
    118.4002430              0.0039603
     44.5300920              0.0035977
     18.3800380              0.0522950
      7.9650160             -0.0046950
      3.5410070              0.2527215
      1.5910030             -0.5440659
      0.6205010             -0.7565855
      0.2420000              1.1731009
      0.0901400             -1.2373563
P   11   1.00
   1546.0031770              0.0002720
    366.4007530              0.0012280
    118.4002430              0.0128100
     44.5300920              0.0246190
     18.3800380              0.1606585
      7.9650160              0.0634978
      3.5410070              0.5659107
      1.5910030             -1.6131372
      0.6205010              0.3448713
      0.2420000             -0.2423425
      0.0901400              0.3909118
D   3   1.00
      0.2030000              0.3901304
      0.5040010              0.5566431
      1.2500030              0.1939290
D   3   1.00
      0.2030000              1.1881327
      0.5040010             -0.6998049
      1.2500030             -0.3815062
D   3   1.00
      0.2030000              0.1061187
      0.5040010             -0.5250544
      1.2500030              1.2936062
F   2   1.00
      0.3350010              0.6634403
      0.8690020              0.4456561
F   2   1.00
      0.3350010              0.8459584
      0.8690020             -1.2593634
G   1   1.00
      0.6830010              1.0000000
****
