! FANO-TZ - Frozen Atomic Natural Orbital- Triple Zeta basis sets
! 
! Please cite
! Daniel Claudino and Rodney J. Bartlett The Journal of Chemical Physics 149, 064105 (2018); https://doi.org/10.1063/1.5039741
! 
BE:FANO-TZ
GITHUB.COM/DANCLAUDINO

  4
    0    1    2    3
    4    3    2    1
   14    8    3    2

  22314.859930   3961.540601    940.725205    275.030460     92.963624
     34.697953     13.848161      5.784375      2.493793      1.099252
      0.491401      0.220580      0.097958      0.042066
 
 0.0000319  0.0000393  0.0000119  0.0000160
 0.0002062  0.0002543  0.0000785  0.0001051
 0.0010615  0.0013100  0.0003981  0.0005374
 0.0042225  0.0052169  0.0016231  0.0021749
 0.0141909  0.0175857  0.0053895  0.0073571
 0.0408873  0.0510454  0.0166128  0.0228632
 0.0980090  0.1244389  0.0412597  0.0606921
 0.1809335  0.2390182  0.0921796  0.1341270
 0.2148416  0.3247051  0.1343291  0.1964571
 0.0847807  0.2326597  0.2360444  0.3598147
 0.0242820  0.0074738 -0.2298853 -1.4153616
 0.1988354 -0.2295786 -1.2165430 -0.8793267
 0.3479747 -0.4064969  0.1196676  3.4603683
 0.1781396 -0.2072070  1.0857801 -2.1726820
 
      8.795187      4.397572      2.198775      1.099382      0.549688
      0.274843      0.137421      0.068710
 
 0.0070787  0.0278156  0.0608652
 0.0029183  0.0432564 -0.0419781
 0.0235427  0.0167799  0.2803727
 0.0340498  0.7399566  0.7706594
 0.1126671 -0.6936211 -3.3064241
 0.3348389 -1.4020794  2.6650817
 0.4084501  1.1671087  0.3628231
 0.2222090  0.3906017 -1.0538419
 
      0.558059      0.276705      0.137200
 
-0.0251993  0.4680079
 0.7109332  0.9213513
 0.3529555 -1.3425306
 
      0.505344      0.225600
 
 0.3283099
 0.7422512
 
