! FANO-TZ - Frozen Atomic Natural Orbital- Triple Zeta basis sets
! 
! Please cite
! Daniel Claudino and Rodney J. Bartlett The Journal of Chemical Physics 149, 064105 (2018); https://doi.org/10.1063/1.5039741
! 
C:FANO-TZ
GITHUB.COM/DANCLAUDINO

  4
    0    1    2    3
    4    3    2    1
   14    8    6    5

  50386.751090   8819.237363   2086.732156    612.879587    209.423402
     79.386377     32.275283     13.749178      6.038585      2.700522
      1.215047      0.541838      0.234443      0.095425
 
 0.0000514  0.0000097  0.0000139  0.0000194
 0.0003389  0.0000637  0.0000915  0.0001300
 0.0017411  0.0003272  0.0004673  0.0006623
 0.0068500  0.0012930  0.0018662  0.0026664
 0.0226448  0.0043180  0.0061581  0.0087954
 0.0643262  0.0125955  0.0183720  0.0270352
 0.1543103  0.0319479  0.0460291  0.0700963
 0.2922881  0.0684874  0.1028756  0.1625915
 0.3750110  0.1181544  0.1737377  0.2872924
 0.2185470  0.1231482  0.2323601  0.3149802
 0.0250641 -0.0583385 -0.4132596 -2.1027019
-0.0069123 -0.3693022 -1.1743806  0.6646504
-0.0124841 -0.5167667  0.4938570  2.0091936
-0.0045793 -0.2053556  0.8389794 -1.7055362
 
     83.151321     19.592449      6.047625      2.189224      0.870064
      0.364805      0.156241      0.065455
 
 0.0012504  0.0013823  0.0007614
 0.0097648  0.0105751  0.0064790
 0.0431561  0.0424060  0.0268260
 0.1341449  0.1261937  0.1048343
 0.2844542  0.4860828  0.3137537
 0.3808442  0.4761896 -0.1513599
 0.3040044  0.0838670 -0.4841485
 0.0843220 -0.3068299 -0.5328941
 
      5.236013      2.579144      1.270429      0.625785      0.308248
      0.151836
 
 0.0102999  0.0132990
 0.0311363  0.0627920
 0.1705826  0.6890573
 0.4034451  0.2851754
 0.3672834 -0.5341938
 0.1963360 -0.4244747
 
      4.800000      2.400000      1.200000      0.600000      0.300000
 
 0.0072526
 0.0315488
 0.3234408
 0.4636285
 0.3271594
 
