! FANO-TZ - Frozen Atomic Natural Orbital- Triple Zeta basis sets
! 
! Please cite
! Daniel Claudino and Rodney J. Bartlett The Journal of Chemical Physics 149, 064105 (2018); https://doi.org/10.1063/1.5039741
! 
HE:FANO-TZ
GITHUB.COM/DANCLAUDINO

  3
    0    1    2
    3    2    1
   10    6    5

   4830.039864    729.242971    162.927888     46.500237     15.381158
      5.557872      2.123589      0.843040      0.342850      0.139687
 
 0.0000588  0.0000869  0.0001234
 0.0004626  0.0006879  0.0011267
 0.0024575  0.0036674  0.0050132
 0.0099368  0.0154786  0.0299991
 0.0337886  0.0592664  0.1291769
 0.0965628  0.2353574  0.8236758
 0.2145946  0.6100837  0.1662760
 0.3465554  0.2134565 -1.7054480
 0.3481472 -0.7147305  0.5351518
 0.1208608 -0.3539709  0.6079793
 
     24.318374     10.335490      4.392660      1.866913      0.793452
      0.337223
 
 0.0036018  0.0157597
 0.0140504  0.0626109
 0.0866688  0.4972044
 0.3483431  0.6038030
 0.4856132 -0.5373491
 0.2032890 -0.4752354
 
     16.140882      7.002248      3.037720      1.317826      0.571700
 
 0.0054046
 0.0365097
 0.2994895
 0.5409829
 0.2686968
 
