! FANO-TZ - Frozen Atomic Natural Orbital- Triple Zeta basis sets
! 
! Please cite
! Daniel Claudino and Rodney J. Bartlett The Journal of Chemical Physics 149, 064105 (2018); https://doi.org/10.1063/1.5039741
! 
O:FANO-TZ
GITHUB.COM/DANCLAUDINO

  4
    0    1    2    3
    4    3    2    1
   14    9    6    6
 
 104579.418100  18684.830510   4378.146727   1261.924359    424.737667
    160.103124     65.371390     28.151246     12.510194      5.630780
      2.522699      1.105114      0.463949      0.182214
 
 0.0000774  0.0000119  0.0000073  0.0000046
 0.0005020  0.0000770  0.0000475  0.0000311
 0.0026527  0.0004068  0.0002495  0.0001544
 0.0107314  0.0016539  0.0010244  0.0006825
 0.0361369  0.0056181  0.0034386  0.0020915
 0.1034337  0.0165218  0.0103203  0.0072151
 0.2512464  0.0422938  0.0260125  0.0160328
 0.4901427  0.0930722  0.0596369  0.0465468
 0.6786310  0.1669202  0.1052923  0.0680624
 0.4655847  0.1896226  0.1502915  0.1416816
 0.0785387 -0.0556710 -0.1937410 -0.6023334
-0.0153977 -0.5241530 -0.7498003  0.1277469
-0.0261916 -0.7471932  0.2575908  0.6061177
-0.0103902 -0.2988124  0.5439524 -0.4757203
 
    210.173390     53.084551     17.758267      7.106953      3.127487
      1.415803      0.628021      0.264789      0.104859
 
 0.0013664  0.0011643  0.0009035
 0.0100475  0.0086250  0.0063566
 0.0433518  0.0372816  0.0345472
 0.1273811  0.1084991  0.1009258
 0.2914642  0.3113215  0.3370795
 0.4960115  0.5715529 -0.1005031
 0.6205979  0.0092096 -0.6275719
 0.4950932 -0.6151437 -0.3186162
 0.1433668 -0.4297464  0.6078594
 
     14.611416      6.700159      3.072401      1.408869      0.646046
      0.296249
 
 0.0095546  0.0149003
 0.0343920  0.0338968
 0.2074507  0.4918436
 0.6425146  0.5113913
 0.6576428 -0.4416114
 0.3322214 -0.5478843
 
     13.230236      6.612924      3.305366      1.652135      0.825793
      0.412760
 
 0.0031483
 0.0234287
 0.1871717
 0.6672754
 0.6303149
 0.3490768
 
