! FANO-DZ - Frozen Atomic Natural Orbital- Double Zeta basis sets
! 
! Please cite
! Daniel Claudino and Rodney J. Bartlett The Journal of Chemical Physics 149, 064105 (2018); https://doi.org/10.1063/1.5039741
! 
C:FANO-DZ
GITHUB.COM/DANCLAUDINO

  3
    0    1    2
    3    2    1
   14    8    6
 
  50386.751090   8819.237363   2086.732156    612.879587    209.423402
     79.386377     32.275283     13.749178      6.038585      2.700522
      1.215047      0.541838      0.234443      0.095425
 
 0.0000934  0.0000139  0.0000086
 0.0006154  0.0000915  0.0000568
 0.0031621  0.0004703  0.0002901
 0.0124403  0.0018585  0.0011585
 0.0411252  0.0062066  0.0038228
 0.1168228  0.0181043  0.0114048
 0.2802431  0.0459208  0.0285736
 0.5308248  0.0984414  0.0638623
 0.6810579  0.1698311  0.1078515
 0.3969034  0.1770090  0.1442426
 0.0455190 -0.0838538 -0.2565399
-0.0125534 -0.5308223 -0.7290224
-0.0226724 -0.7427827  0.3065725
-0.0083165 -0.2951711  0.5208148
 
     83.151321     19.592449      6.047625      2.189224      0.870064
      0.364805      0.156241      0.065455
 
 0.0021274  0.0018118
 0.0166142  0.0138614
 0.0734270  0.0555838
 0.2282381  0.1654087
 0.4839788  0.6371340
 0.6479795  0.6241665
 0.5172421  0.1099289
 0.1434680 -0.4021779
 
      5.236013      2.579144      1.270429      0.625785      0.308248
      0.151836
 
 0.0170162
 0.0514396
 0.2818154
 0.6665221
 0.6067801
 0.3243620

