! FANO-DZ - Frozen Atomic Natural Orbital- Double Zeta basis sets
! 
! Please cite
! Daniel Claudino and Rodney J. Bartlett The Journal of Chemical Physics 149, 064105 (2018); https://doi.org/10.1063/1.5039741
! 
F:FANO-DZ
GITHUB.COM/DANCLAUDINO

  3
    0    1    2
    3    2    1
   14   10    7
 
 121062.945500  19158.181820   4354.827393   1271.994551    439.628112
    169.588390     70.202116     30.413136     13.573606      6.170823
      2.824181      1.279087      0.557780      0.224436
 
 0.0000921  0.0000148  0.0000089
 0.0006883  0.0001105  0.0000670
 0.0036045  0.0005792  0.0003495
 0.0140176  0.0022640  0.0013758
 0.0451112  0.0073734  0.0044466
 0.1248795  0.0210451  0.0128938
 0.2935847  0.0527382  0.0320670
 0.5464534  0.1130121  0.0710594
 0.6745756  0.1893789  0.1218620
 0.3736873  0.1697355  0.1347683
 0.0420379 -0.1370043 -0.3297330
-0.0150644 -0.5650205 -0.6910919
-0.0243646 -0.7156708  0.3843896
-0.0086441 -0.2628052  0.4760611
 
    354.594487     94.058585     32.292988     13.380424      6.232206
      3.052498      1.485040      0.688077      0.297126      0.120061
 
 0.0008764  0.0007646
 0.0061813  0.0054083
 0.0274322  0.0243714
 0.0802137  0.0710079
 0.1847667  0.1787299
 0.3439764  0.4091166
 0.5135391  0.4547729
 0.5983117 -0.2073505
 0.4515944 -0.6699464
 0.1211566 -0.3104392
 
     15.937332      8.164929      4.183013      2.143019      1.097900
      0.562470      0.288162
 
 0.0171498
 0.0313011
 0.1939332
 0.5010858
 0.7080913
 0.4188931
 0.1821107

