! FANO-DZ - Frozen Atomic Natural Orbital- Double Zeta basis sets
! 
! Please cite
! Daniel Claudino and Rodney J. Bartlett The Journal of Chemical Physics 149, 064105 (2018); https://doi.org/10.1063/1.5039741
! 
N:FANO-DZ
GITHUB.COM/DANCLAUDINO

  3
    0    1    2
    3    2    1
   14    9    6
 
  73027.099530  13006.935700   3085.005202    902.496498    306.876905
    115.966165     47.115369     20.089438      8.829739      3.942689
      1.763915      0.778149      0.331504      0.132548
 
 0.0000861  0.0000127  0.0000081
 0.0005565  0.0000824  0.0000530
 0.0028746  0.0004259  0.0002717
 0.0114056  0.0016970  0.0010962
 0.0380392  0.0057192  0.0036387
 0.1089295  0.0168171  0.0109600
 0.2648738  0.0432958  0.0276608
 0.5127249  0.0949091  0.0633387
 0.6836002  0.1687003  0.1091879
 0.4263029  0.1808815  0.1477906
 0.0562035 -0.0795995 -0.2401707
-0.0178354 -0.5388887 -0.7222937
-0.0292326 -0.7343445  0.2466300
-0.0113544 -0.3026917  0.5666638
 
    151.493599     40.959884     14.437011      5.853244      2.553179
      1.159598      0.535991      0.242948      0.100128
 
 0.0014016  0.0010787
 0.0089248  0.0070709
 0.0361072  0.0274723
 0.1088272  0.0804627
 0.2647524  0.2320473
 0.4758313  0.5961968
 0.6036089  0.1862449
 0.5381675 -0.3231860
 0.1905101 -0.6665486
 
     11.612785      5.351653      2.466264      1.136557      0.523772
      0.241376
 
 0.0072799
 0.0277046
 0.1646585
 0.5873112
 0.6803181
 0.4053391
 
