! FANO-DZ - Frozen Atomic Natural Orbital- Double Zeta basis sets
! 
! Please cite
! Daniel Claudino and Rodney J. Bartlett The Journal of Chemical Physics 149, 064105 (2018); https://doi.org/10.1063/1.5039741
! 
NE:FANO-DZ
GITHUB.COM/DANCLAUDINO

  3
    0    1    2
    3    2    1
   15   10    7
 
 312544.687300  50787.706920  11399.442970   3219.293994   1067.066366
    395.014065    157.907128     66.708968     29.385917     13.375388
      6.235797      2.941545      1.376626      0.619667      0.256177
 
 0.0000106  0.0000295  0.0000036
 0.0000778  0.0002163  0.0000266
 0.0004237  0.0011790  0.0001453
 0.0017529  0.0048850  0.0006037
 0.0060636  0.0169807  0.0021116
 0.0181540  0.0514340  0.0065082
 0.0468455  0.1366386  0.0179719
 0.0974566  0.3041176  0.0435219
 0.1384550  0.5197335  0.0884961
 0.0740060  0.5553849  0.1421050
-0.0030151  0.2401261  0.0729318
 0.2580262 -0.1121701 -0.5022446
 0.6259235 -0.3201745 -0.5471105
 0.6779816 -0.3500175  0.5171166
 0.2127571 -0.1097327  0.3813162
 
    559.259319    135.663970     42.989511     16.759169      7.526876
      3.645253      1.790320      0.847007      0.372261      0.149594
 
 0.0006302  0.0005594
 0.0054278  0.0048435
 0.0278549  0.0252494
 0.0891202  0.0818580
 0.2067340  0.2098889
 0.3649067  0.4372718
 0.5124487  0.3932896
 0.5778962 -0.2421432
 0.4493234 -0.6810939
 0.1299875 -0.2831590
 
     24.352731     12.176305      6.088122      3.044046      1.522015
      0.761004      0.380500
 
 0.0120698
 0.0249500
 0.1501837
 0.4542005
 0.7208542
 0.4573332
 0.2039464
 
