! FANO-DZ - Frozen Atomic Natural Orbital- Double Zeta basis sets
! 
! Please cite
! Daniel Claudino and Rodney J. Bartlett The Journal of Chemical Physics 149, 064105 (2018); https://doi.org/10.1063/1.5039741
! 
O:FANO-DZ
GITHUB.COM/DANCLAUDINO

  3
    0    1    2
    3    2    1
   14    9    6
 
 104579.418100  18684.830510   4378.146727   1261.924359    424.737667
    160.103124     65.371390     28.151246     12.510194      5.630780
      2.522699      1.105114      0.463949      0.182214
 
 0.0000774  0.0000119  0.0000073
 0.0005020  0.0000770  0.0000475
 0.0026527  0.0004068  0.0002495
 0.0107314  0.0016539  0.0010244
 0.0361369  0.0056181  0.0034386
 0.1034337  0.0165218  0.0103203
 0.2512464  0.0422938  0.0260125
 0.4901427  0.0930722  0.0596369
 0.6786310  0.1669202  0.1052923
 0.4655847  0.1896226  0.1502915
 0.0785387 -0.0556710 -0.1937410
-0.0153977 -0.5241530 -0.7498003
-0.0261916 -0.7471932  0.2575908
-0.0103902 -0.2988124  0.5439524
 
    210.173390     53.084551     17.758267      7.106953      3.127487
      1.415803      0.628021      0.264789      0.104859
 
 0.0013664  0.0011643
 0.0100475  0.0086250
 0.0433518  0.0372816
 0.1273811  0.1084991
 0.2914642  0.3113215
 0.4960115  0.5715529
 0.6205979  0.0092096
 0.4950932 -0.6151437
 0.1433668 -0.4297464
 
     14.611416      6.700159      3.072401      1.408869      0.646046
      0.296249
 
 0.0095546
 0.0343920
 0.2074507
 0.6425146
 0.6576428
 0.3322214
 
