! FANO-DZ - Frozen Atomic Natural Orbital- Double Zeta basis sets
! 
! Please cite
! Daniel Claudino and Rodney J. Bartlett The Journal of Chemical Physics 149, 064105 (2018); https://doi.org/10.1063/1.5039741
! 
****
B     0
S   14   1.00
  33713.2090900              0.0000529
   5944.1469550              0.0003478
   1398.4465480              0.0018087
    408.4840030              0.0071355
    139.7224310              0.0233529
     53.4151770              0.0648376
     22.0062560              0.1516921
      9.5014400              0.2828646
      4.2096900              0.3705506
      1.8837970              0.2290500
      0.8409510              0.0291811
      0.3705840             -0.0048236
      0.1595430             -0.0095282
      0.0663110             -0.0036357
S   14   1.00
  33713.2090900              0.0000097
   5944.1469550              0.0000639
   1398.4465480              0.0003325
    408.4840030              0.0013177
    139.7224310              0.0043525
     53.4151770              0.0123970
     22.0062560              0.0304932
      9.5014400              0.0636361
      4.2096900              0.1097337
      1.8837970              0.1256668
      0.8409510             -0.0297124
      0.3705840             -0.3511103
      0.1595430             -0.5344328
      0.0663110             -0.2208936
S   14   1.00
  33713.2090900              0.0000139
   5944.1469550              0.0000923
   1398.4465480              0.0004753
    408.4840030              0.0019108
    139.7224310              0.0062088
     53.4151770              0.0182484
     22.0062560              0.0440151
      9.5014400              0.0973229
      4.2096900              0.1577665
      1.8837970              0.2460680
      0.8409510             -0.3268424
      0.3705840             -1.2775533
      0.1595430              0.4859119
      0.0663110              0.8557631
P   8   1.00
     55.5985150              0.0011752
     12.5957260              0.0091424
      3.9252440              0.0378073
      1.4127370              0.1214421
      0.5524420              0.2749848
      0.2327110              0.3764272
      0.1037760              0.3152673
      0.0448880              0.0966153
P   8   1.00
     55.5985150              0.0011931
     12.5957260              0.0092093
      3.9252440              0.0339428
      1.4127370              0.1034630
      0.5524420              0.4028795
      0.2327110              0.4913155
      0.1037760              0.1568348
      0.0448880             -0.0914463
D   6   1.00
      3.6455150              0.0075771
      1.7449540              0.0232091
      0.8352350              0.1646242
      0.3997920              0.4202725
      0.1913630              0.3924956
      0.0915980              0.1646582
****
