! FANO-DZ - Frozen Atomic Natural Orbital- Double Zeta basis sets
! 
! Please cite
! Daniel Claudino and Rodney J. Bartlett The Journal of Chemical Physics 149, 064105 (2018); https://doi.org/10.1063/1.5039741
! 
****
BE    0
S   14   1.00
  22314.8599300              0.0000319
   3961.5406010              0.0002062
    940.7252050              0.0010615
    275.0304600              0.0042225
     92.9636240              0.0141909
     34.6979530              0.0408873
     13.8481610              0.0980090
      5.7843750              0.1809335
      2.4937930              0.2148416
      1.0992520              0.0847807
      0.4914010              0.0242820
      0.2205800              0.1988354
      0.0979580              0.3479747
      0.0420660              0.1781396
S   14   1.00
  22314.8599300              0.0000393
   3961.5406010              0.0002543
    940.7252050              0.0013100
    275.0304600              0.0052169
     92.9636240              0.0175857
     34.6979530              0.0510454
     13.8481610              0.1244389
      5.7843750              0.2390182
      2.4937930              0.3247051
      1.0992520              0.2326597
      0.4914010              0.0074738
      0.2205800             -0.2295786
      0.0979580             -0.4064969
      0.0420660             -0.2072070
S   14   1.00
  22314.8599300              0.0000119
   3961.5406010              0.0000785
    940.7252050              0.0003981
    275.0304600              0.0016231
     92.9636240              0.0053895
     34.6979530              0.0166128
     13.8481610              0.0412597
      5.7843750              0.0921796
      2.4937930              0.1343291
      1.0992520              0.2360444
      0.4914010             -0.2298853
      0.2205800             -1.2165430
      0.0979580              0.1196676
      0.0420660              1.0857801
P   8   1.00
      8.7951870              0.0070787
      4.3975720              0.0029183
      2.1987750              0.0235427
      1.0993820              0.0340498
      0.5496880              0.1126671
      0.2748430              0.3348389
      0.1374210              0.4084501
      0.0687100              0.2222090
P   8   1.00
      8.7951870              0.0278156
      4.3975720              0.0432564
      2.1987750              0.0167799
      1.0993820              0.7399566
      0.5496880             -0.6936211
      0.2748430             -1.4020794
      0.1374210              1.1671087
      0.0687100              0.3906017
D   3   1.00
      0.5580590             -0.0251993
      0.2767050              0.7109332
      0.1372000              0.3529555
****
