! FANO-DZ - Frozen Atomic Natural Orbital- Double Zeta basis sets
! 
! Please cite
! Daniel Claudino and Rodney J. Bartlett The Journal of Chemical Physics 149, 064105 (2018); https://doi.org/10.1063/1.5039741
! 
****
NE    0
S   15   1.00
 312544.6873000              0.0000060
  50787.7069200              0.0000444
  11399.4429700              0.0002417
   3219.2939940              0.0010000
   1067.0663660              0.0034590
    395.0140650              0.0103561
    157.9071280              0.0267234
     66.7089680              0.0555949
     29.3859170              0.0789827
     13.3753880              0.0422173
      6.2357970             -0.0017200
      2.9415450              0.1471930
      1.3766260              0.3570628
      0.6196670              0.3867597
      0.2561770              0.1213689
S   15   1.00
 312544.6873000              0.0000193
  50787.7069200              0.0001414
  11399.4429700              0.0007706
   3219.2939940              0.0031929
   1067.0663660              0.0110989
    395.0140650              0.0336184
    157.9071280              0.0893099
     66.7089680              0.1987778
     29.3859170              0.3397089
     13.3753880              0.3630114
      6.2357970              0.1569515
      2.9415450             -0.0733168
      1.3766260             -0.2092729
      0.6196670             -0.2287789
      0.2561770             -0.0717236
S   15   1.00
 312544.6873000              0.0000056
  50787.7069200              0.0000417
  11399.4429700              0.0002280
   3219.2939940              0.0009473
   1067.0663660              0.0033133
    395.0140650              0.0102119
    157.9071280              0.0281995
     66.7089680              0.0682897
     29.3859170              0.1388583
     13.3753880              0.2229754
      6.2357970              0.1144365
      2.9415450             -0.7880665
      1.3766260             -0.8584651
      0.6196670              0.8114020
      0.2561770              0.5983191
P   10   1.00
    559.2593190              0.0003400
    135.6639700              0.0029286
     42.9895110              0.0150294
     16.7591690              0.0480856
      7.5268760              0.1115451
      3.6452530              0.1968886
      1.7903200              0.2764962
      0.8470070              0.3118089
      0.3722610              0.2424364
      0.1495940              0.0701359
P   10   1.00
    559.2593190              0.0004685
    135.6639700              0.0040561
     42.9895110              0.0211445
     16.7591690              0.0685502
      7.5268760              0.1757668
      3.6452530              0.3661835
      1.7903200              0.3293516
      0.8470070             -0.2027774
      0.3722610             -0.5703669
      0.1495940             -0.2371252
D   7   1.00
     24.3527310              0.0071428
     12.1763050              0.0147651
      6.0881220              0.0888768
      3.0440460              0.2687899
      1.5220150              0.4265921
      0.7610040              0.2706438
      0.3805000              0.1206928
****
