! FANO-QZ - Frozen Atomic Natural Orbital- Quadruple Zeta basis sets
! 
! Please cite
! Daniel Claudino and Rodney J. Bartlett The Journal of Chemical Physics 149, 064105 (2018); https://doi.org/10.1063/1.5039741
! 
****
F     0
S   14   1.00
 121062.9455000              0.0000504
  19158.1818200              0.0003769
   4354.8273930              0.0019735
   1271.9945510              0.0076749
    439.6281120              0.0246993
    169.5883900              0.0683740
     70.2021160              0.1607434
     30.4131360              0.2991940
     13.5736060              0.3693434
      6.1708230              0.2046012
      2.8241810              0.0230166
      1.2790870             -0.0082481
      0.5577800             -0.0133401
      0.2244360             -0.0047328
S   14   1.00
 121062.9455000              0.0000102
  19158.1818200              0.0000765
   4354.8273930              0.0004010
   1271.9945510              0.0015675
    439.6281120              0.0051052
    169.5883900              0.0145712
     70.2021160              0.0365148
     30.4131360              0.0782473
     13.5736060              0.1311221
      6.1708230              0.1175214
      2.8241810             -0.0948590
      1.2790870             -0.3912086
      0.5577800             -0.4955158
      0.2244360             -0.1819609
S   14   1.00
 121062.9455000              0.0000142
  19158.1818200              0.0001070
   4354.8273930              0.0005579
   1271.9945510              0.0021964
    439.6281120              0.0070986
    169.5883900              0.0205839
     70.2021160              0.0511924
     30.4131360              0.1134406
     13.5736060              0.1945428
      6.1708230              0.2151467
      2.8241810             -0.5263921
      1.2790870             -1.1032724
      0.5577800              0.6136469
      0.2244360              0.7599931
S   14   1.00
 121062.9455000              0.0000193
  19158.1818200              0.0001446
   4354.8273930              0.0007602
   1271.9945510              0.0029718
    439.6281120              0.0097928
    169.5883900              0.0284010
     70.2021160              0.0749448
     30.4131360              0.1665818
     13.5736060              0.3462790
      6.1708230              0.2118814
      2.8241810             -2.4001019
      1.2790870              1.4088818
      0.5577800              1.4509077
      0.2244360             -1.5064592
S   14   1.00
 121062.9455000              0.0000261
  19158.1818200              0.0001397
   4354.8273930              0.0011443
   1271.9945510              0.0022147
    439.6281120              0.0178109
    169.5883900              0.0127966
     70.2021160              0.1723654
     30.4131360              0.0006274
     13.5736060              1.2488806
      6.1708230             -2.3565783
      2.8241810             -0.6283423
      1.2790870              4.5939191
      0.5577800             -4.7875216
      0.2244360              2.0566544
P   10   1.00
    354.5944870              0.0004786
     94.0585850              0.0033756
     32.2929880              0.0149808
     13.3804240              0.0438050
      6.2322060              0.1009017
      3.0524980              0.1878467
      1.4850400              0.2804455
      0.6880770              0.3267401
      0.2971260              0.2466172
      0.1200610              0.0661640
P   10   1.00
    354.5944870              0.0006445
     94.0585850              0.0045590
     32.2929880              0.0205440
     13.3804240              0.0598565
      6.2322060              0.1506613
      3.0524980              0.3448669
      1.4850400              0.3833532
      0.6880770             -0.1747872
      0.2971260             -0.5647348
      0.1200610             -0.2616863
P   10   1.00
    354.5944870              0.0009365
     94.0585850              0.0069203
     32.2929880              0.0330262
     13.3804240              0.1031192
      6.2322060              0.3030877
      3.0524980              0.5458257
      1.4850400             -0.5370000
      0.6880770             -0.8223302
      0.2971260              0.2131408
      0.1200610              0.6209996
P   10   1.00
    354.5944870              0.0014576
     94.0585850              0.0090280
     32.2929880              0.0540623
     13.3804240              0.1341574
      6.2322060              0.5831162
      3.0524980              0.1545515
      1.4850400             -0.8886805
      0.6880770              0.4626710
      0.2971260              1.1847347
      0.1200610             -0.8899125
D   7   1.00
     15.9373320              0.0099877
      8.1649290              0.0182291
      4.1830130              0.1129426
      2.1430190              0.2918218
      1.0979000              0.4123775
      0.5624700              0.2439545
      0.2881620              0.1060574
D   7   1.00
     15.9373320              0.0180329
      8.1649290              0.0500871
      4.1830130              0.3667651
      2.1430190              0.5694324
      1.0979000             -0.1802057
      0.5624700             -0.4729792
      0.2881620             -0.3164088
D   7   1.00
     15.9373320              0.0350615
      8.1649290              0.1653592
      4.1830130              0.9555531
      2.1430190             -0.5236269
      1.0979000             -0.8982762
      0.5624700              0.3856790
      0.2881620              0.5665980
F   6   1.00
     15.5002220              0.0024842
      7.8798490              0.0188184
      4.0058790              0.1408068
      2.0364690              0.4357225
      1.0352800              0.3787199
      0.5263050              0.2063620
F   6   1.00
     15.5002220              0.0137445
      7.8798490              0.0647059
      4.0058790              0.5780143
      2.0364690              0.3612027
      1.0352800             -0.4194522
      0.5263050             -0.5146371
G   5   1.00
     10.3167310              0.0097112
      5.2917960              0.0886335
      2.7143380              0.4153425
      1.3922750              0.4434196
      0.7141440              0.2282712
****
