! FANO-QZ - Frozen Atomic Natural Orbital- Quadruple Zeta basis sets
! 
! Please cite
! Daniel Claudino and Rodney J. Bartlett The Journal of Chemical Physics 149, 064105 (2018); https://doi.org/10.1063/1.5039741
! 
****
H     0
S   9   1.00
    837.3565790              0.0001790
    123.4588050              0.0014350
     27.6800140              0.0075198
      7.8443510              0.0306980
      2.5635170              0.0996268
      0.9330970              0.2256409
      0.3731530              0.3838250
      0.1593170              0.3346064
      0.0670560              0.0690780
S   9   1.00
    837.3565790              0.0002233
    123.4588050              0.0017568
     27.6800140              0.0097079
      7.8443510              0.0409014
      2.5635170              0.1889284
      0.9330970              0.7385144
      0.3731530              0.1407414
      0.1593170             -0.9043892
      0.0670560             -0.2198487
S   9   1.00
    837.3565790              0.0002246
    123.4588050              0.0016673
     27.6800140              0.0105514
      7.8443510              0.0518750
      2.5635170              0.4374404
      0.9330970             -0.4230236
      0.3731530             -1.6153919
      0.1593170              1.1323466
      0.0670560              0.3952537
S   9   1.00
    837.3565790             -0.0001340
    123.4588050              0.0001006
     27.6800140             -0.0098762
      7.8443510              0.0272491
      2.5635170             -0.8069707
      0.9330970              3.3157804
      0.3731530             -3.1328920
      0.1593170              0.6393398
      0.0670560              0.6269256
P   5   1.00
      5.3318730              0.0145685
      2.4367010              0.0304571
      1.1135890              0.2581008
      0.5089170              0.4464917
      0.2325790              0.3672381
P   5   1.00
      5.3318730              0.0320509
      2.4367010              0.2354711
      1.1135890              0.7828342
      0.5089170             -0.1092604
      0.2325790             -0.8803464
P   5   1.00
      5.3318730              0.0380325
      2.4367010              0.8869886
      1.1135890             -0.8035618
      0.5089170             -1.3296175
      0.2325790              1.4724720
D   4   1.00
      4.5489960              0.0046694
      2.0571590              0.1229407
      0.9302940              0.4466431
      0.4207000              0.5342087
D   4   1.00
      4.5489960              0.0417386
      2.0571590              0.5888411
      0.9302940              0.4919971
      0.4207000             -1.1179915
F   3   1.00
      3.3328790              0.0409794
      1.4603800              0.3905772
      0.6399000              0.6702538
****
