! FANO-QZ - Frozen Atomic Natural Orbital- Quadruple Zeta basis sets
! 
! Please cite
! Daniel Claudino and Rodney J. Bartlett The Journal of Chemical Physics 149, 064105 (2018); https://doi.org/10.1063/1.5039741
! 
****
HE    0
S   10   1.00
   4830.0398640              0.0000588
    729.2429710              0.0004626
    162.9278880              0.0024575
     46.5002370              0.0099368
     15.3811580              0.0337886
      5.5578720              0.0965628
      2.1235890              0.2145946
      0.8430400              0.3465554
      0.3428500              0.3481472
      0.1396870              0.1208608
S   10   1.00
   4830.0398640              0.0000869
    729.2429710              0.0006879
    162.9278880              0.0036674
     46.5002370              0.0154786
     15.3811580              0.0592664
      5.5578720              0.2353574
      2.1235890              0.6100837
      0.8430400              0.2134565
      0.3428500             -0.7147305
      0.1396870             -0.3539709
S   10   1.00
   4830.0398640              0.0001234
    729.2429710              0.0011267
    162.9278880              0.0050132
     46.5002370              0.0299991
     15.3811580              0.1291769
      5.5578720              0.8236758
      2.1235890              0.1662760
      0.8430400             -1.7054480
      0.3428500              0.5351518
      0.1396870              0.6079793
S   10   1.00
   4830.0398640              0.0002251
    729.2429710              0.0007926
    162.9278880              0.0124293
     46.5002370              0.0204707
     15.3811580              0.5127996
      5.5578720              1.0562443
      2.1235890             -2.8962626
      0.8430400              1.8561341
      0.3428500              0.5816230
      0.1396870             -1.0271852
P   6   1.00
     24.3183740              0.0036018
     10.3354900              0.0140504
      4.3926600              0.0866688
      1.8669130              0.3483431
      0.7934520              0.4856132
      0.3372230              0.2032890
P   6   1.00
     24.3183740              0.0157597
     10.3354900              0.0626109
      4.3926600              0.4972044
      1.8669130              0.6038030
      0.7934520             -0.5373491
      0.3372230             -0.4752354
P   6   1.00
     24.3183740              0.0346931
     10.3354900              0.3474510
      4.3926600              0.9855711
      1.8669130             -1.3120605
      0.7934520             -0.2000551
      0.3372230              0.8269020
D   5   1.00
     16.1408820              0.0054046
      7.0022480              0.0365097
      3.0377200              0.2994895
      1.3178260              0.5409829
      0.5717000              0.2686968
D   5   1.00
     16.1408820              0.0184132
      7.0022480              0.2823648
      3.0377200              0.7771140
      1.3178260             -0.3139675
      0.5717000             -0.6037807
F   4   1.00
     12.7393200              0.0042537
      5.1110290              0.1810178
      2.0505500              0.6365002
      0.8226830              0.3397977
****
