! FANO-QZ - Frozen Atomic Natural Orbital- Quadruple Zeta basis sets
! 
! Please cite
! Daniel Claudino and Rodney J. Bartlett The Journal of Chemical Physics 149, 064105 (2018); https://doi.org/10.1063/1.5039741
! 
****
O     0
S   14   1.00
 104579.4181000              0.0000425
  18684.8305100              0.0002754
   4378.1467270              0.0014553
   1261.9243590              0.0058873
    424.7376670              0.0198248
    160.1031240              0.0567439
     65.3713900              0.1378341
     28.1512460              0.2688930
     12.5101940              0.3722979
      5.6307800              0.2554204
      2.5226990              0.0430864
      1.1051140             -0.0084472
      0.4639490             -0.0143687
      0.1822140             -0.0057001
S   14   1.00
 104579.4181000              0.0000084
  18684.8305100              0.0000544
   4378.1467270              0.0002872
   1261.9243590              0.0011678
    424.7376670              0.0039668
    160.1031240              0.0116656
     65.3713900              0.0298626
     28.1512460              0.0657159
     12.5101940              0.1178580
      5.6307800              0.1338876
      2.5226990             -0.0393079
      1.1051140             -0.3700909
      0.4639490             -0.5275738
      0.1822140             -0.2109837
S   14   1.00
 104579.4181000              0.0000118
  18684.8305100              0.0000765
   4378.1467270              0.0004018
   1261.9243590              0.0016497
    424.7376670              0.0055376
    160.1031240              0.0166200
     65.3713900              0.0418911
     28.1512460              0.0960406
     12.5101940              0.1695650
      5.6307800              0.2420327
      2.5226990             -0.3120047
      1.1051140             -1.2074946
      0.4639490              0.4148298
      0.1822140              0.8759927
S   14   1.00
 104579.4181000              0.0000161
  18684.8305100              0.0001085
   4378.1467270              0.0005389
   1261.9243590              0.0023820
    424.7376670              0.0072995
    160.1031240              0.0251811
     65.3713900              0.0559554
     28.1512460              0.1624509
     12.5101940              0.2375416
      5.6307800              0.4944766
      2.5226990             -2.1021770
      1.1051140              0.4458438
      0.4639490              2.1153844
      0.1822140             -1.6602903
S   14   1.00
 104579.4181000              0.0000214
  18684.8305100              0.0001031
   4378.1467270              0.0008263
   1261.9243590              0.0018777
    424.7376670              0.0133247
    160.1031240              0.0140817
     65.3713900              0.1334186
     28.1512460              0.0368388
     12.5101940              0.9024156
      5.6307800             -0.9395851
      2.5226990             -2.6092289
      1.1051140              5.6794336
      0.4639490             -4.8419938
      0.1822140              1.9440357
P   9   1.00
    210.1733900              0.0007749
     53.0845510              0.0056982
     17.7582670              0.0245859
      7.1069530              0.0722411
      3.1274870              0.1652968
      1.4158030              0.2813008
      0.6280210              0.3519570
      0.2647890              0.2807800
      0.1048590              0.0813070
P   9   1.00
    210.1733900              0.0010141
     53.0845510              0.0075122
     17.7582670              0.0324716
      7.1069530              0.0945007
      3.1274870              0.2711553
      1.4158030              0.4978120
      0.6280210              0.0080214
      0.2647890             -0.5357788
      0.1048590             -0.3743012
P   9   1.00
    210.1733900              0.0011969
     53.0845510              0.0084207
     17.7582670              0.0457655
      7.1069530              0.1336989
      3.1274870              0.4465375
      1.4158030             -0.1331389
      0.6280210             -0.8313600
      0.2647890             -0.4220788
      0.1048590              0.8052464
P   9   1.00
    210.1733900              0.0016899
     53.0845510              0.0131204
     17.7582670              0.0580402
      7.1069530              0.1731341
      3.1274870              0.6339617
      1.4158030              0.0215090
      0.6280210             -0.7436716
      0.2647890              1.3403017
      0.1048590             -0.2566658
D   6   1.00
     14.6114160              0.0060215
      6.7001590              0.0216745
      3.0724010              0.1307392
      1.4088690              0.4049245
      0.6460460              0.4144585
      0.2962490              0.2093720
D   6   1.00
     14.6114160              0.0148755
      6.7001590              0.0338404
      3.0724010              0.4910254
      1.4088690              0.5105406
      0.6460460             -0.4408767
      0.2962490             -0.5469728
D   6   1.00
     14.6114160              0.0126875
      6.7001590              0.2075997
      3.0724010              0.9971118
      1.4088690             -0.9693756
      0.6460460             -0.5225982
      0.2962490              0.9383979
F   6   1.00
     13.2302360              0.0020028
      6.6129240              0.0149045
      3.3053660              0.1190723
      1.6521350              0.4244980
      0.8257930              0.4009850
      0.4127600              0.2220708
F   6   1.00
     13.2302360              0.0099457
      6.6129240              0.0289758
      3.3053660              0.5409751
      1.6521350              0.4605022
      0.8257930             -0.4347464
      0.4127600             -0.5161327
G   5   1.00
      7.5019400              0.0097954
      3.9197170              0.0960522
      2.0480280              0.4295955
      1.0700820              0.4283991
      0.5591110              0.2144426
****
