! FANO-DZ - Frozen Atomic Natural Orbital- Double Zeta basis sets
! 
! Please cite
! Daniel Claudino and Rodney J. Bartlett The Journal of Chemical Physics 149, 064105 (2018); https://doi.org/10.1063/1.5039741
! 
B:FANO-DZ
GITHUB.COM/DANCLAUDINO

  3
    0    1    2
    3    2    1
   14    8    6

  33713.209090   5944.146955   1398.446548    408.484003    139.722431
     53.415177     22.006256      9.501440      4.209690      1.883797
      0.840951      0.370584      0.159543      0.066311
 
 0.0000529  0.0000097  0.0000139
 0.0003478  0.0000639  0.0000923
 0.0018087  0.0003325  0.0004753
 0.0071355  0.0013177  0.0019108
 0.0233529  0.0043525  0.0062088
 0.0648376  0.0123970  0.0182484
 0.1516921  0.0304932  0.0440151
 0.2828646  0.0636361  0.0973229
 0.3705506  0.1097337  0.1577665
 0.2290500  0.1256668  0.2460680
 0.0291811 -0.0297124 -0.3268424
-0.0048236 -0.3511103 -1.2775533
-0.0095282 -0.5344328  0.4859119
-0.0036357 -0.2208936  0.8557631
 
     55.598515     12.595726      3.925244      1.412737      0.552442
      0.232711      0.103776      0.044888
 
 0.0011752  0.0011931
 0.0091424  0.0092093
 0.0378073  0.0339428
 0.1214421  0.1034630
 0.2749848  0.4028795
 0.3764272  0.4913155
 0.3152673  0.1568348
 0.0966153 -0.0914463
 
      3.645515      1.744954      0.835235      0.399792      0.191363
      0.091598
 
 0.0075771
 0.0232091
 0.1646242
 0.4202725
 0.3924956
 0.1646582
 
