! FANO-DZ - Frozen Atomic Natural Orbital- Double Zeta basis sets
! 
! Please cite
! Daniel Claudino and Rodney J. Bartlett The Journal of Chemical Physics 149, 064105 (2018); https://doi.org/10.1063/1.5039741
! 
N:FANO-DZ
GITHUB.COM/DANCLAUDINO

  3
    0    1    2
    3    2    1
   14    9    6

  73027.099530  13006.935700   3085.005202    902.496498    306.876905
    115.966165     47.115369     20.089438      8.829739      3.942689
      1.763915      0.778149      0.331504      0.132548
 
 0.0000476  0.0000088  0.0000127
 0.0003074  0.0000573  0.0000833
 0.0015877  0.0002963  0.0004269
 0.0062994  0.0011807  0.0017223
 0.0210094  0.0039791  0.0057170
 0.0601627  0.0117004  0.0172200
 0.1462920  0.0301228  0.0434598
 0.2831822  0.0660324  0.0995157
 0.3775580  0.1173722  0.1715525
 0.2354506  0.1258472  0.2322038
 0.0310417 -0.0553809 -0.3773485
-0.0098506 -0.3749286 -1.1348447
-0.0161454 -0.5109159  0.3874971
-0.0062711 -0.2105960  0.8903240
 
    151.493599     40.959884     14.437011      5.853244      2.553179
      1.159598      0.535991      0.242948      0.100128
 
 0.0007849  0.0009649
 0.0049979  0.0063252
 0.0202203  0.0245752
 0.0609440  0.0719775
 0.1482631  0.2075766
 0.2664687  0.5333245
 0.3380250  0.1666043
 0.3013774 -0.2891042
 0.1066869 -0.5962573
 
     11.612785      5.351653      2.466264      1.136557      0.523772
      0.241376
 
 0.0045945
 0.0174850
 0.1039199
 0.3706659
 0.4293648
 0.2558191
 
