! FANO-DZ - Frozen Atomic Natural Orbital- Double Zeta basis sets
! 
! Please cite
! Daniel Claudino and Rodney J. Bartlett The Journal of Chemical Physics 149, 064105 (2018); https://doi.org/10.1063/1.5039741
! 
O:FANO-DZ
GITHUB.COM/DANCLAUDINO

  3
    0    1    2
    3    2    1
   14    9    6

 104579.418100  18684.830510   4378.146727   1261.924359    424.737667
    160.103124     65.371390     28.151246     12.510194      5.630780
      2.522699      1.105114      0.463949      0.182214
 
 0.0000425  0.0000084  0.0000118
 0.0002754  0.0000544  0.0000765
 0.0014553  0.0002872  0.0004018
 0.0058873  0.0011678  0.0016497
 0.0198248  0.0039668  0.0055376
 0.0567439  0.0116656  0.0166200
 0.1378341  0.0298626  0.0418911
 0.2688930  0.0657159  0.0960406
 0.3722979  0.1178580  0.1695650
 0.2554204  0.1338876  0.2420327
 0.0430864 -0.0393079 -0.3120047
-0.0084472 -0.3700909 -1.2074946
-0.0143687 -0.5275738  0.4148298
-0.0057001 -0.2109837  0.8759927
 
    210.173390     53.084551     17.758267      7.106953      3.127487
      1.415803      0.628021      0.264789      0.104859
 
 0.0007749  0.0010141
 0.0056982  0.0075122
 0.0245859  0.0324716
 0.0722411  0.0945007
 0.1652968  0.2711553
 0.2813008  0.4978120
 0.3519570  0.0080214
 0.2807800 -0.5357788
 0.0813070 -0.3743012
 
     14.611416      6.700159      3.072401      1.408869      0.646046
      0.296249
 
 0.0060215
 0.0216745
 0.1307392
 0.4049245
 0.4144585
 0.2093720
 
