! ANO-VT-DZ - Atomic Natural Orbital - Virial Theorem - Double Zeta basis sets
!
! Please cite:
! Daniel Claudino, Ricardo Gargano, and Rodney J. Bartlett The Journal of Chemical Physics 144, 104106 (2016); https://doi.org/10.1063/1.4943275
! Daniel Claudino, Ricardo Gargano, and Rodney J. Bartlett The Journal of Chemical Physics 145, 019901 (2016); https://doi.org/10.1063/1.4954989
! 
****
AL    0
S   12   1.00
  64150.4067550              0.0001142
   9617.0609780              0.0008806
   2189.0138800              0.0046188
    620.5039340              0.0184815
    202.7012850              0.0608511
     73.1504640              0.1446709
     28.5501810              0.2397930
     11.7700750              0.1033914
      3.3000210             -0.4793863
      1.1730070             -0.6216943
      0.1752010              0.4361879
      0.0647300              0.3623566
S   12   1.00
  64150.4067550              0.0001567
   9617.0609780              0.0012123
   2189.0138800              0.0063042
    620.5039340              0.0252836
    202.7012850              0.0806825
     73.1504640              0.1861892
     28.5501810              0.2640464
     11.7700750              0.1175635
      3.3000210             -0.2280499
      1.1730070             -0.1509908
      0.1752010             -0.4419751
      0.0647300             -0.3262661
S   12   1.00
  64150.4067550              0.0002319
   9617.0609780              0.0018006
   2189.0138800              0.0092912
    620.5039340              0.0373057
    202.7012850              0.1155147
     73.1504640              0.2575869
     28.5501810              0.3001050
     11.7700750              0.1388408
      3.3000210              0.2060814
      1.1730070              0.1832693
      0.1752010              0.1198746
      0.0647300              0.0802958
S   12   1.00
  64150.4067550              0.0000021
   9617.0609780              0.0000090
   2189.0138800              0.0001047
    620.5039340              0.0000923
    202.7012850              0.0016382
     73.1504640             -0.0016535
     28.5501810              0.0096008
     11.7700750             -0.0205224
      3.3000210              0.1110691
      1.1730070             -0.0058604
      0.1752010             -1.4039314
      0.0647300              1.8267540
P   8   1.00
    258.8016410              0.0040989
     60.8903860              0.0309026
     19.1401210              0.1301499
      6.8810440              0.3231789
      2.5740160              0.4579227
      0.9572060              0.2761668
      0.2099010             -0.0039195
      0.0598600             -0.0283352
P   8   1.00
    258.8016410              0.0001924
     60.8903860              0.0016260
     19.1401210              0.0053228
      6.8810440              0.0157433
      2.5740160              0.0066356
      0.9572060              0.0347922
      0.2099010              0.5085519
      0.0598600              0.5818014
P   8   1.00
    258.8016410              0.0002437
     60.8903860              0.0007369
     19.1401210              0.0092148
      6.8810440              0.0053711
      2.5740160              0.0759994
      0.9572060             -0.0446140
      0.2099010             -1.2181064
      0.0598600              1.0663146
D   1   1.00
      0.1890010              1.0000000
****
