****
AR    0
S   12   1.00
 145703.3803790              0.0000887
  21840.5067090              0.0006846
   4972.1153550              0.0035962
   1408.0326670              0.0145803
    459.7106650              0.0491104
    165.9038490              0.1247059
     64.6915010              0.2291577
     26.4406130              0.1526565
      7.6281770             -0.4800619
      2.9960700             -0.6964541
      0.6504150              0.4927122
      0.2337050              0.4532695
S   12   1.00
 145703.3803790              0.0001454
  21840.5067090              0.0011245
   4972.1153550              0.0058699
   1408.0326670              0.0237507
    459.7106650              0.0777454
    165.9038490              0.1890201
     64.6915010              0.2988090
     26.4406130              0.1768703
      7.6281770             -0.1987585
      2.9960700             -0.1730038
      0.6504150             -0.3985185
      0.2337050             -0.3150083
S   12   1.00
 145703.3803790              0.0001792
  21840.5067090              0.0013912
   4972.1153550              0.0071997
   1408.0326670              0.0292115
    459.7106650              0.0926870
    165.9038490              0.2185461
     64.6915010              0.2869408
     26.4406130              0.1578818
      7.6281770              0.2057208
      2.9960700              0.1984066
      0.6504150              0.1409093
      0.2337050              0.1001546
S   12   1.00
 145703.3803790              0.0000014
  21840.5067090              0.0000057
   4972.1153550              0.0000681
   1408.0326670              0.0000654
    459.7106650              0.0011532
    165.9038490             -0.0005269
     64.6915010              0.0077756
     26.4406130             -0.0118269
      7.6281770              0.0953052
      2.9960700              0.0530579
      0.6504150             -1.5222736
      0.2337050              1.8372714
P   8   1.00
    453.7105260              0.0040212
    106.8024780              0.0303707
     33.7307830              0.1265998
     12.1302810              0.2947762
      4.5941070              0.3407067
      1.6780390             -0.0737922
      0.5909140             -0.5239297
      0.1852040             -0.3872156
P   8   1.00
    453.7105260              0.0043844
    106.8024780              0.0330597
     33.7307830              0.1346367
     12.1302810              0.3086090
      4.5941070              0.3369738
      1.6780390              0.1740578
      0.5909140              0.2565960
      0.1852040              0.1977300
P   8   1.00
    453.7105260              0.0002538
    106.8024780              0.0001810
     33.7307830              0.0130738
     12.1302810              0.0018999
      4.5941070              0.1058129
      1.6780390             -0.4768298
      0.5909140             -0.6828112
      0.1852040              1.1136028
D   1   1.00
      0.7380170              1.0000000
****
