****
B     0
S   9   1.00
   4570.7476830              0.0003799
    686.0122180              0.0029459
    156.5256040              0.0148298
     44.4772760              0.0568551
     14.4823690              0.1536633
      5.1318390              0.2907962
      1.8983110              0.2292233
      0.3329540             -0.5208498
      0.1043170             -0.5242941
S   9   1.00
   4570.7476830              0.0006077
    686.0122180              0.0046667
    156.5256040              0.0236915
     44.4772760              0.0880001
     14.4823690              0.2357537
      5.1318390              0.3750453
      1.8983110              0.2279636
      0.3329540              0.2015971
      0.1043170              0.1867458
S   9   1.00
   4570.7476830              0.0000503
    686.0122180              0.0001538
    156.5256040              0.0024427
     44.4772760             -0.0012096
     14.4823690              0.0274884
      5.1318390             -0.1111143
      1.8983110              0.0673900
      0.3329540              1.5170638
      0.1043170             -1.5312684
P   4   1.00
      6.0019820              0.0350232
      1.2412030              0.1964650
      0.3364550              0.5302135
      0.0953960              0.4526609
P   4   1.00
      6.0019820              0.0065234
      1.2412030              0.1938653
      0.3364550              0.9056052
      0.0953960             -1.1454058
D   1   1.00
      0.3430560              1.0000000
****
