****
BE    0
S   9   1.00
   2940.4751230              0.0003746
    441.2713010              0.0028965
    100.5162410              0.0146801
     28.4345940              0.0560863
      9.1704820              0.1531366
      3.1965160              0.2837345
      1.1591870              0.2425493
      0.1811290             -0.5274925
      0.0589100             -0.5011608
S   9   1.00
   2940.4751230              0.0005936
    441.2713010              0.0045660
    100.5162410              0.0232157
     28.4345940              0.0868971
      9.1704820              0.2337306
      3.1965160              0.3807048
      1.1591870              0.2277397
      0.1811290              0.2116566
      0.0589100              0.1848321
S   9   1.00
   2940.4751230              0.0000313
    441.2713010             -0.0000730
    100.5162410              0.0018922
     28.4345940             -0.0064455
      9.1704820              0.0254856
      3.1965160             -0.1426581
      1.1591870              0.1164731
      0.1811290              1.4922964
      0.0589100             -1.5879792
P   4   1.00
      3.6195850              0.0251161
      0.7111150              0.1661315
      0.1951320              0.6926020
      0.0601900              0.2713321
P   4   1.00
      3.6195850              0.1502547
      0.7111150              0.1698109
      0.1951320             -0.5346021
      0.0601900              1.2467442
D   1   1.00
      0.2380380              1.0000000
****
