****
C     0
S   9   1.00
   6666.3383990              0.0003745
   1000.2008100              0.0029122
    228.0457850              0.0146597
     64.7229940              0.0568107
     21.0642290              0.1542727
      7.4965050              0.2955026
      2.7975620              0.2172800
      0.5216050             -0.5167537
      0.1596320             -0.5375013
S   9   1.00
   6666.3383990              0.0006049
   1000.2008100              0.0046472
    228.0457850              0.0236595
     64.7229940              0.0882791
     21.0642290              0.2381282
      7.4965050              0.3735891
      2.7975620              0.2270558
      0.5216050              0.1955288
      0.1596320              0.1875409
S   9   1.00
   6666.3383990              0.0000589
   1000.2008100              0.0002623
    228.0457850              0.0026731
     64.7229940              0.0013464
     21.0642290              0.0273528
      7.4965050             -0.0969836
      2.7975620              0.0490047
      0.5216050              1.5222860
      0.1596320             -1.4889671
P   4   1.00
      9.4408950              0.0380678
      2.0024020              0.2094490
      0.5457100              0.5152505
      0.1517300              0.4612854
P   4   1.00
      9.4408950              0.0327750
      2.0024020              0.3129301
      0.5457100              0.8063071
      0.1517300             -1.0454281
D   1   1.00
      0.5501100              1.0000000
****
