! ANO-VT-DZ - Atomic Natural Orbital - Virial Theorem - Double Zeta basis sets
!
! Please cite:
! Daniel Claudino, Ricardo Gargano, and Rodney J. Bartlett The Journal of Chemical Physics 144, 104106 (2016); https://doi.org/10.1063/1.4943275
! Daniel Claudino, Ricardo Gargano, and Rodney J. Bartlett The Journal of Chemical Physics 145, 019901 (2016); https://doi.org/10.1063/1.4954989
! 
****
CL    0
S   12   1.00
 127902.0122120              0.0000904
  19170.3015960              0.0006979
   4363.0686420              0.0036651
   1236.0194460              0.0148345
    403.6063500              0.0498519
    145.7022920              0.1256851
     56.8108940              0.2290100
     23.2303650              0.1474098
      6.6441050             -0.4761159
      2.5750410             -0.6894876
      0.5371080              0.4872306
      0.1938030              0.4429747
S   12   1.00
 127902.0122120              0.0001464
  19170.3015960              0.0011326
   4363.0686420              0.0059081
   1236.0194460              0.0238831
    403.6063500              0.0779544
    145.7022920              0.1885974
     56.8108940              0.2953849
     23.2303650              0.1712894
      6.6441050             -0.2030639
      2.5750410             -0.1714676
      0.5371080             -0.4022028
      0.1938030             -0.3156024
S   12   1.00
 127902.0122120              0.0001838
  19170.3015960              0.0014278
   4363.0686420              0.0073854
   1236.0194460              0.0299327
    403.6063500              0.0947308
    145.7022920              0.2222797
     56.8108940              0.2892624
     23.2303650              0.1569152
      6.6441050              0.2056764
      2.5750410              0.1968982
      0.5371080              0.1389283
      0.1938030              0.0981723
S   12   1.00
 127902.0122120              0.0000014
  19170.3015960              0.0000067
   4363.0686420              0.0000734
   1236.0194460              0.0000860
    403.6063500              0.0012110
    145.7022920             -0.0004504
     56.8108940              0.0077562
     23.2303650             -0.0121126
      6.6441050              0.0947009
      2.5750410              0.0483567
      0.5371080             -1.5103533
      0.1938030              1.8383087
P   8   1.00
    417.6065700              0.0041684
     98.3315470              0.0314808
     31.0404880              0.1322198
     11.1901760              0.3112109
      4.2490670              0.3859143
      1.6240260              0.0107685
      0.5322080             -0.4798590
      0.1620030             -0.3933200
P   8   1.00
    417.6065700              0.0038744
     98.3315470              0.0293903
     31.0404880              0.1202590
     11.1901760              0.2827384
      4.2490670              0.3226782
      1.6240260              0.1764151
      0.5322080              0.2868498
      0.1620030              0.2380039
P   8   1.00
    417.6065700              0.0001832
     98.3315470             -0.0002378
     31.0404880              0.0098981
     11.1901760             -0.0033362
      4.2490670              0.0982898
      1.6240260             -0.3178739
      0.5322080             -0.8749248
      0.1620030              1.1558343
D   1   1.00
      0.6000090              1.0000000
****
