****
MG    0
S   12   1.00
  47392.4036270              0.0001455
   7108.3605190              0.0011220
   1618.0820650              0.0058586
    458.4232500              0.0233723
    149.3075730              0.0753799
     53.5927180              0.1724706
     20.7010500              0.2561761
      8.3844250              0.0553835
      2.5421290             -0.5007943
      0.8787450             -0.5682058
      0.1077050              0.4070642
      0.0399920              0.3169589
S   12   1.00
  47392.4036270              0.0001756
   7108.3605190              0.0013586
   1618.0820650              0.0070400
    458.4232500              0.0281107
    149.3075730              0.0880493
     53.5927180              0.1949450
     20.7010500              0.2475060
      8.3844250              0.0699322
      2.5421290             -0.2344295
      0.8787450             -0.1259625
      0.1077050             -0.4710485
      0.0399920             -0.3327373
S   12   1.00
  47392.4036270              0.0002787
   7108.3605190              0.0021610
   1618.0820650              0.0111274
    458.4232500              0.0443543
    149.3075730              0.1349295
     53.5927180              0.2853510
     20.7010500              0.2916158
      8.3844250              0.1085283
      2.5421290              0.2146633
      0.8787450              0.1783247
      0.1077050              0.1104532
      0.0399920              0.0714923
S   12   1.00
  47392.4036270              0.0000016
   7108.3605190              0.0000013
   1618.0820650              0.0000848
    458.4232500             -0.0001006
    149.3075730              0.0014823
     53.5927180             -0.0038421
     20.7010500              0.0113135
      8.3844250             -0.0290359
      2.5421290              0.1254287
      0.8787450             -0.0508162
      0.1077050             -1.3199701
      0.0399920              1.7999656
P   8   1.00
    179.9091250              0.0053871
     42.1421370              0.0392789
     13.1306660              0.1576067
      4.6282350              0.3588570
      1.6700850              0.4578808
      0.5857300              0.2160192
      0.1311070              0.0024078
      0.0411220             -0.0014567
P   8   1.00
    179.9091250              0.0000133
     42.1421370              0.0005613
     13.1306660             -0.0008017
      4.6282350              0.0054781
      1.6700850             -0.0265898
      0.5857300              0.0405269
      0.1311070              0.7990061
      0.0411220              0.2506307
P   8   1.00
    179.9091250              0.0004872
     42.1421370             -0.0049597
     13.1306660              0.0199192
      4.6282350             -0.0853812
      1.6700850              0.3517881
      0.5857300             -0.6066629
      0.1311070             -0.3025629
      0.0411220              1.1019247
D   1   1.00
      0.1870090              1.0000000
****
