! ANO-VT-DZ - Atomic Natural Orbital - Virial Theorem - Double Zeta basis sets
!
! Please cite:
! Daniel Claudino, Ricardo Gargano, and Rodney J. Bartlett The Journal of Chemical Physics 144, 104106 (2016); https://doi.org/10.1063/1.4943275
! Daniel Claudino, Ricardo Gargano, and Rodney J. Bartlett The Journal of Chemical Physics 145, 019901 (2016); https://doi.org/10.1063/1.4954989
! 
****
NA    0
S   12   1.00
  31701.7959370              0.0004589
   4755.2693910              0.0035507
   1082.0613000              0.0182620
    306.4173590              0.0716650
     99.5356390              0.2123500
     35.4220070              0.4162000
     13.3007540              0.3730200
      4.3922490              0.0625050
      1.6760950             -0.0062453
      0.5889330              0.0024337
      0.0564030             -0.0004424
      0.0230710              0.0002419
S   12   1.00
  31701.7959370             -0.0001122
   4755.2693910             -0.0008685
   1082.0613000             -0.0045133
    306.4173590             -0.0181440
     99.5356390             -0.0580799
     35.4220070             -0.1376498
     13.3007540             -0.1939097
      4.3922490              0.0858009
      1.6760950              0.6044192
      0.5889330              0.4417194
      0.0564030              0.0130550
      0.0230710             -0.0056808
S   12   1.00
  31701.7959370              0.0000170
   4755.2693910              0.0001307
   1082.0613000              0.0006878
    306.4173590              0.0027236
     99.5356390              0.0089553
     35.4220070              0.0207831
     13.3007540              0.0319381
      4.3922490             -0.0191371
      1.6760950             -0.1026004
      0.5889330             -0.1989408
      0.0564030              0.6559528
      0.0230710              0.4311518
S   12   1.00
  31701.7959370              0.0000114
   4755.2693910              0.0000846
   1082.0613000              0.0004514
    306.4173590              0.0015530
     99.5356390              0.0043661
     35.4220070              0.0021806
     13.3007540             -0.0061644
      4.3922490              0.0076664
      1.6760950              0.1277943
      0.5889330             -0.0712768
      0.0564030             -0.8743820
      0.0230710              1.6523171
P   8   1.00
    138.1078240              0.0057964
     32.2418270              0.0415760
      9.9855660              0.1628699
      3.4841970              0.3593998
      1.2310700              0.4499898
      0.4177240              0.2275099
      0.0651340              0.0080825
      0.0205310             -0.0019629
P   8   1.00
    138.1078240             -0.0005815
     32.2418270             -0.0040731
      9.9855660             -0.0167940
      3.4841970             -0.0353271
      1.2310700             -0.0521971
      0.4177240             -0.0168360
      0.0651340              0.4346109
      0.0205310              0.6582214
P   8   1.00
    138.1078240              0.0002731
     32.2418270              0.0009685
      9.9855660              0.0067714
      3.4841970              0.0012998
      1.2310700              0.0370873
      0.4177240             -0.0663216
      0.0651340             -0.1022780
      0.0205310              1.0695835
D   1   1.00
      0.0973060              1.0000000
****
