! ANO-VT-DZ - Atomic Natural Orbital - Virial Theorem - Double Zeta basis sets
!
! Please cite:
! Daniel Claudino, Ricardo Gargano, and Rodney J. Bartlett The Journal of Chemical Physics 144, 104106 (2016); https://doi.org/10.1063/1.4943275
! Daniel Claudino, Ricardo Gargano, and Rodney J. Bartlett The Journal of Chemical Physics 145, 019901 (2016); https://doi.org/10.1063/1.4954989
! 
****
S     0
S   12   1.00
 110799.9156680              0.0000930
  16609.9873580              0.0007176
   3780.9971220              0.0037697
   1070.9991850              0.0152303
    349.7997340              0.0510261
    126.2999040              0.1274531
     49.2599630              0.2293742
     20.1599850              0.1406578
      5.7199960             -0.4730438
      2.1819980             -0.6793809
      0.4327000              0.4784376
      0.1570000              0.4315848
S   12   1.00
 110799.9156680              0.0001478
  16609.9873580              0.0011435
   3780.9971220              0.0059632
   1070.9991850              0.0240825
    349.7997340              0.0783172
    126.2999040              0.1881843
     49.2599630              0.2908220
     20.1599850              0.1635776
      5.7199960             -0.2081600
      2.1819980             -0.1692562
      0.4327000             -0.4062283
      0.1570000             -0.3178746
S   12   1.00
 110799.9156680              0.0001903
  16609.9873580              0.0014777
   3780.9971220              0.0076423
   1070.9991850              0.0309382
    349.7997340              0.0975796
    126.2999040              0.2273712
     49.2599630              0.2918594
     20.1599850              0.1551506
      5.7199960              0.2055763
      2.1819980              0.1948899
      0.4327000              0.1358967
      0.1570000              0.0959383
S   12   1.00
 110799.9156680              0.0000017
  16609.9873580              0.0000071
   3780.9971220              0.0000746
   1070.9991850              0.0000917
    349.7997340              0.0012115
    126.2999040             -0.0004521
     49.2599630              0.0075779
     20.1599850             -0.0121572
      5.7199960              0.0920294
      2.1819980              0.0450395
      0.4327000             -1.5066933
      0.1570000              1.8419500
P   8   1.00
    399.6996960              0.0041037
     94.1899280              0.0311819
     29.7499770              0.1333689
     10.7699920              0.3255415
      4.1189970              0.4402857
      1.6249990              0.1326285
      0.4726000             -0.3748049
      0.1407000             -0.3536226
P   8   1.00
    399.6996960              0.0029338
     94.1899280              0.0225301
     29.7499770              0.0935989
     10.7699920              0.2311033
      4.1189970              0.2840933
      1.6249990              0.1846626
      0.4726000              0.3416838
      0.1407000              0.3108976
P   8   1.00
    399.6996960              0.0002236
     94.1899280              0.0004214
     29.7499770              0.0100918
     10.7699920              0.0041224
      4.1189970              0.0888768
      1.6249990             -0.1696530
      0.4726000             -1.0543874
      0.1407000              1.1722155
D   1   1.00
      0.4790000              1.0000000
****
