****
SI    0
S   12   1.00
  78860.3072880              0.0001037
  11820.0460580              0.0008000
   2692.0104900              0.0041953
    763.4029750              0.0168403
    249.6009730              0.0558121
     90.2803520              0.1352696
     35.2901380              0.2336584
     14.5100570              0.1214102
      4.0530160             -0.4730367
      1.4820060             -0.6486011
      0.2517010              0.4532763
      0.0924300              0.3936270
S   12   1.00
  78860.3072880              0.0001529
  11820.0460580              0.0011827
   2692.0104900              0.0061506
    763.4029750              0.0247277
    249.6009730              0.0794367
     90.2803520              0.1863662
     35.2901380              0.2757544
     14.5100570              0.1394713
      4.0530160             -0.2204217
      1.4820060             -0.1600760
      0.2517010             -0.4239246
      0.0924300             -0.3236311
S   12   1.00
  78860.3072880              0.0002129
  11820.0460580              0.0016526
   2692.0104900              0.0085257
    763.4029750              0.0343395
    249.6009730              0.1070260
     90.2803520              0.2432344
     35.2901380              0.2977659
     14.5100570              0.1483670
      4.0530160              0.2053133
      1.4820060              0.1880908
      0.2517010              0.1269105
      0.0924300              0.0876752
S   12   1.00
  78860.3072880              0.0000021
  11820.0460580              0.0000099
   2692.0104900              0.0001052
    763.4029750              0.0001179
    249.6009730              0.0016515
     90.2803520             -0.0011753
     35.2901380              0.0095984
     14.5100570             -0.0188979
      4.0530160              0.1145390
      1.4820060              0.0074462
      0.2517010             -1.4658168
      0.0924300              1.8381539
P   8   1.00
    315.9012310              0.0040092
     74.4202900              0.0304797
     23.4800910              0.1300278
      8.4880330              0.3276143
      3.2170130              0.4677377
      1.2290050              0.2691700
      0.2964010             -0.0543926
      0.0876800             -0.0807489
P   8   1.00
    315.9012310              0.0006718
     74.4202900              0.0053146
     23.4800910              0.0208169
      8.4880330              0.0553404
      3.2170130              0.0596369
      1.2290050              0.0802670
      0.2964010              0.5006982
      0.0876800              0.5358262
P   8   1.00
    315.9012310              0.0002776
     74.4202900              0.0009066
     23.4800910              0.0108178
      8.4880330              0.0079095
      3.2170130              0.0881151
      1.2290050             -0.0739584
      0.2964010             -1.2027039
      0.0876800              1.1238817
D   1   1.00
      0.2750010              1.0000000
****
