! FANO-6Z - Frozen Atomic Natural Orbital- Hextuple Zeta basis sets
! 
! Please cite
! Daniel Claudino and Rodney J. Bartlett The Journal of Chemical Physics 149, 064105 (2018); https://doi.org/10.1063/1.5039741
! 
B:FANO-6Z
GITHUB.COM/DANCLAUDINO

  7
    0    1    2    3    4    5    6
    7    6    5    4    3    2    1
   14    8    6    4    3    3    2

  33713.209090   5944.146955   1398.446548    408.484003    139.722431
     53.415177     22.006256      9.501440      4.209690      1.883797
      0.840951      0.370584      0.159543      0.066311
 
 0.0000529  0.0000097  0.0000139  0.0000201  0.0000072  0.0000312  0.0000522
 0.0003478  0.0000639  0.0000923  0.0001356  0.0000337  0.0001547  0.0002608
 0.0018087  0.0003325  0.0004753  0.0006810  0.0002818  0.0011783  0.0019342
 0.0071355  0.0013177  0.0019108  0.0028424  0.0005775  0.0027264  0.0048044
 0.0233529  0.0043525  0.0062088  0.0088880  0.0046253  0.0183106  0.0315313
 0.0648376  0.0123970  0.0182484  0.0284388  0.0053898  0.0216015  0.0555822
 0.1516921  0.0304932  0.0440151  0.0668141  0.0537765  0.1816076  0.3765846
 0.2828646  0.0636361  0.0973229  0.1651690  0.0100007  0.0251699  0.0135974
 0.3705506  0.1097337  0.1577665  0.2296363  0.2275197  0.9000018  1.6084835
 0.2290500  0.1256668  0.2460680  0.4434586 -0.3019668 -1.1291822 -6.3121727
 0.0291811 -0.0297124 -0.3268424 -2.0556054 -1.7112200 -1.7078759  9.0926090
-0.0048236 -0.3511103 -1.2775533  0.4008092  3.4429029  4.5832304 -7.8682354
-0.0095282 -0.5344328  0.4859119  2.2170910 -2.0202256 -4.8401030  4.5562965
-0.0036357 -0.2208936  0.8557631 -1.8102466  1.0914290  1.8184269 -1.4123268
 
     55.598515     12.595726      3.925244      1.412737      0.552442
      0.232711      0.103776      0.044888
 
 0.0011752  0.0011931  0.0007578  0.0016210  0.0043727  0.0113652
 0.0091424  0.0092093  0.0059848  0.0199753  0.0466960  0.0363393
 0.0378073  0.0339428  0.0213289  0.0466177  0.1884133  0.6353474
 0.1214421  0.1034630  0.0726158  0.3452482  0.9437033  0.3918649
 0.2749848  0.4028795  0.3980677  0.6035501 -0.6183675 -2.4612356
 0.3764272  0.4913155 -0.0095740 -0.4353772 -1.3110573  3.7441615
 0.3152673  0.1568348 -0.1749894 -1.2304597  2.2203229 -3.0721786
 0.0966153 -0.0914463 -0.8498097  1.2662592 -1.1425484  1.1744372
 
      3.645515      1.744954      0.835235      0.399792      0.191363
      0.091598
 
 0.0075771 -0.0068353 -0.0058284  0.0424621  0.8794237
 0.0232091 -0.0271252  0.4614395  1.6071048 -0.1256986
 0.1646242  0.7226650  0.8922185 -2.0151993 -1.7929140
 0.4202725  0.3601673 -1.4936143  0.5505331  3.2254076
 0.3924956 -0.6293410  0.1455599  0.9940451 -3.1645648
 0.1646582 -0.3755444  0.6624399 -0.9938032  1.5639022
 
      1.756892      0.887275      0.448097      0.226300
 
 0.0132176  0.0552324  0.6767794  1.9138169
 0.2576864  0.8907169  0.5457120 -3.2395831
 0.4509634  0.0080008 -1.8912829  2.8057204
 0.4133801 -0.8360539  1.3093834 -1.2407972
 
      1.610409      0.733241      0.333855
 
 0.0560885  0.4331436  1.3836710
 0.5799151  0.7115414 -1.6500356
 0.4846540 -1.0248886  0.9055513
 
      1.713760      0.847474      0.419086
 
 0.0537384  0.5056532
 0.6041846  0.6215720
 0.4549204 -0.9990456
 
      1.421467      0.676884
 
 0.2885338
 0.7989945
 
