! FANO-6Z - Frozen Atomic Natural Orbital- Hextuple Zeta basis sets
! 
! Please cite
! Daniel Claudino and Rodney J. Bartlett The Journal of Chemical Physics 149, 064105 (2018); https://doi.org/10.1063/1.5039741
! 
C:FANO-6Z
GITHUB.COM/DANCLAUDINO

  7
    0    1    2    3    4    5    6
    7    6    5    4    3    2    1
   14    8    6    5    4    3    3

  50386.751090   8819.237363   2086.732156    612.879587    209.423402
     79.386377     32.275283     13.749178      6.038585      2.700522
      1.215047      0.541838      0.234443      0.095425
 
 0.0000514  0.0000097  0.0000139  0.0000194  0.0000229  0.0000192  0.0000423
 0.0003389  0.0000637  0.0000915  0.0001300  0.0001076  0.0000970  0.0002339
 0.0017411  0.0003272  0.0004673  0.0006623  0.0008739  0.0007150  0.0015470
 0.0068500  0.0012930  0.0018662  0.0026664  0.0017822  0.0016881  0.0044145
 0.0226448  0.0043180  0.0061581  0.0087954  0.0137831  0.0108691  0.0240587
 0.0643262  0.0125955  0.0183720  0.0270352  0.0138395  0.0131955  0.0510799
 0.1543103  0.0319479  0.0460291  0.0700963  0.1428216  0.1026530  0.2801948
 0.2922881  0.0684874  0.1028756  0.1625915  0.0165896  0.0258553  0.1720644
 0.3750110  0.1181544  0.1737377  0.2872924  0.8657446  0.6389610  1.4686465
 0.2185470  0.1231482  0.2323601  0.3149802 -1.3520887 -0.9072360 -6.3631089
 0.0250641 -0.0583385 -0.4132596 -2.1027019 -1.8556223 -0.0103153  9.5007597
-0.0069123 -0.3693022 -1.1743806  0.6646504  5.2692625  1.1092366 -8.3466793
-0.0124841 -0.5167667  0.4938570  2.0091936 -4.5364178 -2.2123706  4.7933454
-0.0045793 -0.2053556  0.8389794 -1.7055362  1.9675537  0.6009101 -1.4535526
 
     83.151321     19.592449      6.047625      2.189224      0.870064
      0.364805      0.156241      0.065455
 
 0.0012504  0.0013823  0.0007614  0.0020538  0.0043105  0.0105519
 0.0097648  0.0105751  0.0064790  0.0222318  0.0437851  0.0375522
 0.0431561  0.0424060  0.0268260  0.0760535  0.2051939  0.6135372
 0.1341449  0.1261937  0.1048343  0.4051881  0.8924496  0.4223216
 0.2844542  0.4860828  0.3137537  0.4683582 -0.6647560 -2.4658535
 0.3808442  0.4761896 -0.1513599 -0.4990555 -1.1698178  3.5498776
 0.3040044  0.0838670 -0.4841485 -0.9404344  2.1365925 -2.8070896
 0.0843220 -0.3068299 -0.5328941  1.2368752 -1.1813611  1.0900345
 
      5.236013      2.579144      1.270429      0.625785      0.308248
      0.151836
 
 0.0102999  0.0132990  0.0064811  0.1440089  1.0833551
 0.0311363  0.0627920  0.5457847  1.5100587 -0.5123828
 0.1705826  0.6890573  0.7251297 -2.0996486 -1.6178704
 0.4034451  0.2851754 -1.4309087  0.5216043  3.3385659
 0.3672834 -0.5341938  0.0579208  1.1672986 -3.3203090
 0.1963360 -0.4244747  0.7451867 -1.0602019  1.5947268
 
      4.800000      2.400000      1.200000      0.600000      0.300000
 
 0.0072526 -0.0226821 -0.0594223  0.2824277
 0.0315488  0.2513342  1.0476714  1.2992830
 0.3234408  0.7878229 -0.2134317 -2.8144508
 0.4636285 -0.2019466 -1.2971967  2.7478295
 0.3271594 -0.7117230  1.1608692 -1.3171940
 
      2.955524      1.502879      0.764211      0.388600
 
 0.0119442  0.1227203  0.8265819
 0.3087777  0.9248618  0.0487401
 0.5432307 -0.3134018 -1.3076606
 0.2784703 -0.6313974  1.1416418
 
      3.192327      1.425579      0.636612
 
 0.0185284  0.2853986
 0.5478903  0.8589122
 0.5621277 -0.9985704
 
      3.376044      1.561688      0.722405
 
 0.0270065
 0.5888249
 0.5226359
 
