! FANO-6Z - Frozen Atomic Natural Orbital- Hextuple Zeta basis sets
! 
! Please cite
! Daniel Claudino and Rodney J. Bartlett The Journal of Chemical Physics 149, 064105 (2018); https://doi.org/10.1063/1.5039741
! 
N:FANO-6Z
GITHUB.COM/DANCLAUDINO

  7
    0    1    2    3    4    5    6
    7    6    5    4    3    2    1
   14    9    6    5    4    4    3

  73027.099530  13006.935700   3085.005202    902.496498    306.876905
    115.966165     47.115369     20.089438      8.829739      3.942689
      1.763915      0.778149      0.331504      0.132548
 
 0.0000476  0.0000088  0.0000127  0.0000176  0.0000253  0.0000088  0.0000383
 0.0003074  0.0000573  0.0000833  0.0001166  0.0001190  0.0000542  0.0002005
 0.0015877  0.0002963  0.0004269  0.0005911  0.0009320  0.0003003  0.0014047
 0.0062994  0.0011807  0.0017223  0.0024277  0.0020637  0.0010897  0.0037305
 0.0210094  0.0039791  0.0057170  0.0079391  0.0146221  0.0041414  0.0221371
 0.0601627  0.0117004  0.0172200  0.0249832  0.0162023  0.0102718  0.0391419
 0.1462920  0.0301228  0.0434598  0.0634909  0.1469481  0.0320443  0.2552746
 0.2831822  0.0660324  0.0995157  0.1569434  0.0451651  0.0535418  0.1483682
 0.3775580  0.1173722  0.1715525  0.2765308  0.9380775  0.1769091  1.7475073
 0.2354506  0.1258472  0.2322038  0.3416677 -1.2091204  0.0027723 -6.6378179
 0.0310417 -0.0553809 -0.3773485 -1.9882485 -2.2361502 -0.0114271  9.3598719
-0.0098506 -0.3749286 -1.1348447  0.4295133  5.5457387 -0.2347998 -7.8698604
-0.0161454 -0.5109159  0.3874971  2.1693654 -4.9432817 -0.7208471  4.3366104
-0.0062711 -0.2105960  0.8903240 -1.7018331  1.9813095 -0.1053946 -1.3031130
 
    151.493599     40.959884     14.437011      5.853244      2.553179
      1.159598      0.535991      0.242948      0.100128
 
 0.0007849  0.0009649  0.0009711  0.0019623  0.0025342  0.0027234
 0.0049979  0.0063252  0.0051626  0.0124144  0.0246474  0.0582632
 0.0202203  0.0245752  0.0313528  0.0572131  0.0896323  0.1107707
 0.0609440  0.0719775  0.0797138  0.1516525  0.5068839  1.2759314
 0.1482631  0.2075766  0.3206150  0.6320457  0.5466463 -1.6618307
 0.2664687  0.5333245 -0.0193576  0.2871281 -1.7617266 -0.1759612
 0.3380250  0.1666043 -0.4467757 -1.1301084  0.4187190  2.4448227
 0.3013774 -0.2891042 -1.0683885  1.0059492  1.0606578 -2.5538779
 0.1066869 -0.5962573  0.7740810  0.2365135 -1.0496217  1.2382259
 
     11.612785      5.351653      2.466264      1.136557      0.523772
      0.241376
 
 0.0045945  0.0145199  0.0139037 -0.0252998  0.2473250
 0.0174850  0.0113978  0.1321068  0.9375907  1.4591794
 0.1039199  0.4486872  1.0919147 -0.0998306 -3.0755178
 0.3706659  0.6116770 -0.9317957 -1.6591635  3.3378828
 0.4293648 -0.4212453 -0.6213047  2.3240839 -2.4749749
 0.2558191 -0.5609551  0.9619741 -1.3143539  1.0393291
 
      5.419799      2.745956      1.391246      0.704879      0.357129
 
 0.0128578  0.0033787  0.1118789  0.8071203
 0.0856351  0.4740617  1.2038853  0.0844201
 0.4023064  0.6037902 -1.1203345 -1.8602623
 0.4330234 -0.4607165 -0.4242515  2.5404829
 0.2311218 -0.5287827  0.8926499 -1.4455199
 
      5.698446      2.734199      1.311910      0.629474
 
-0.0016583 -0.0034968  0.2586064
 0.1716381  0.7334816  1.0531613
 0.5533826  0.2720833 -1.7870284
 0.4179189 -0.8819862  1.1226791
 
      6.487863      3.068602      1.451374      0.686465
 
-0.0082800 -0.0279597
 0.1802577  0.7981503
 0.6512533  0.0952574
 0.3238179 -0.7837445
 
      3.795726      1.990322      1.043643
 
 0.0977743
 0.5399797
 0.4924450
 
