! FANO-6Z - Frozen Atomic Natural Orbital- Hextuple Zeta basis sets
! 
! Please cite
! Daniel Claudino and Rodney J. Bartlett The Journal of Chemical Physics 149, 064105 (2018); https://doi.org/10.1063/1.5039741
! 
NE:FANO-6Z
GITHUB.COM/DANCLAUDINO

  7
    0    1    2    3    4    5    6
    7    6    5    4    3    2    1
   15   10    7    6    6    5    4

 312544.687300  50787.706920  11399.442970   3219.293994   1067.066366
    395.014065    157.907128     66.708968     29.385917     13.375388
      6.235797      2.941545      1.376626      0.619667      0.256177
 
 0.0000060  0.0000193  0.0000056  0.0000076  0.0000089  0.0000143  0.0000259
 0.0000444  0.0001414  0.0000417  0.0000566  0.0000753  0.0000510  0.0000565
 0.0002417  0.0007706  0.0002280  0.0002948  0.0003171  0.0006520  0.0012876
 0.0010000  0.0031929  0.0009473  0.0013087  0.0018445  0.0006377 -0.0000259
 0.0034590  0.0110989  0.0033133  0.0042098  0.0040793  0.0119547  0.0253750
 0.0103561  0.0336184  0.0102119  0.0146090  0.0225417 -0.0000893 -0.0172729
 0.0267234  0.0893099  0.0281995  0.0358912  0.0314571  0.1395794  0.3390710
 0.0555949  0.1987778  0.0682897  0.1070583  0.1910701 -0.0485569 -0.2820009
 0.0789827  0.3397089  0.1388583  0.1800459  0.1271442  1.1298143  3.3780441
 0.0422173  0.3630114  0.2229754  0.4933238  1.3013536 -0.8259458 -9.7109637
-0.0017200  0.1569515  0.1144365 -0.4466008 -4.0734988 -3.9263363 13.6725893
 0.1471930 -0.0733168 -0.7880665 -2.2557566  2.7459016  9.2275782 **********
 0.3570628 -0.2092729 -0.8584651  2.4163291  1.7825760 **********  8.7904861
 0.3867597 -0.2287789  0.8114020  0.4918849 -3.7552523  6.6165781 -4.2735539
 0.1213689 -0.0717236  0.5983191 -1.2330442  1.9363090 -2.2024503  1.1762044
 
    559.259319    135.663970     42.989511     16.759169      7.526876
      3.645253      1.790320      0.847007      0.372261      0.149594
 
 0.0003400  0.0004685  0.0007526  0.0012309  0.0010032 -0.0001741
 0.0029286  0.0040561  0.0064566  0.0101954  0.0188339  0.0398767
 0.0150294  0.0211445  0.0370647  0.0674136  0.0688799  0.0304761
 0.0480856  0.0685502  0.1192941  0.2460211  0.5717627  1.4029807
 0.1115451  0.1757668  0.3917441  0.8870966  0.6718133 -2.1651130
 0.1968886  0.3661835  0.5582539 -0.7266275 -2.9572772  0.3094457
 0.2764962  0.3293516 -0.6599558 -1.2732429  2.8141795  2.6352912
 0.3118089 -0.2027774 -0.7888116  1.5366051 -0.3935554 -3.9892919
 0.2424364 -0.5703669  0.5026906  0.0510845 -1.3468116  3.1784833
 0.0701359 -0.2371252  0.4654239 -0.7094217  1.0729276 -1.3661535
 
     24.352731     12.176305      6.088122      3.044046      1.522015
      0.761004      0.380500
 
 0.0071428  0.0127802  0.0289871  0.0088734 -0.0288193
 0.0147651  0.0354925  0.0745356  0.5384219  1.7033507
 0.0888768  0.2836045  0.8771029  0.8324449 -2.2994936
 0.2687899  0.6092115 -0.1182192 -2.2397139  0.6277204
 0.4265921 -0.0582163 -1.1087533  1.3307785  1.6669520
 0.2706438 -0.4892836  0.2994153  0.5947456 -2.5685872
 0.1206928 -0.3628689  0.6302603 -0.9421247  1.4340008
 
     17.414290      9.036481      4.689137      2.433249      1.262642
      0.655200
 
 0.0028073  0.0208101  0.0064633  0.0737290
 0.0232413  0.1079433  0.5082257  1.3156739
 0.1695354  0.6112617  0.6766816 -1.4635121
 0.4502965  0.2457204 -1.1854159 -0.2383879
 0.3596594 -0.4189025 -0.1126709  1.6520638
 0.1694517 -0.5001937  0.8094097 -1.1968513
 
     18.084644      9.693173      5.195436      2.784697      1.492568
      0.800000
 
 0.0027009  0.0097997 -0.0110789
 0.0249247  0.0954348  0.5221319
 0.1717319  0.6464149  0.6482001
 0.4522423  0.2419666 -1.2244996
 0.3597383 -0.4852367  0.0579629
 0.1834217 -0.4148095  0.6995912
 
     17.215262      8.947641      4.650541      2.417121      1.256300
 
 0.0037185 -0.0064077
 0.0371533  0.2701597
 0.3535575  0.7370057
 0.5111344 -0.2761441
 0.2721948 -0.6214378
 
     12.579626      6.536229      3.396149      1.764600
 
 0.0056179
 0.2229543
 0.5566342
 0.3817690
 
