! FANO-6Z - Frozen Atomic Natural Orbital- Hextuple Zeta basis sets
! 
! Please cite
! Daniel Claudino and Rodney J. Bartlett The Journal of Chemical Physics 149, 064105 (2018); https://doi.org/10.1063/1.5039741
! 
O:FANO-6Z
GITHUB.COM/DANCLAUDINO

  7
    0    1    2    3    4    5    6
    7    6    5    4    3    2    1
   14    9    6    6    5    4    4

 104579.418100  18684.830510   4378.146727   1261.924359    424.737667
    160.103124     65.371390     28.151246     12.510194      5.630780
      2.522699      1.105114      0.463949      0.182214
 
 0.0000425  0.0000084  0.0000118  0.0000161  0.0000214  0.0000116  0.0000360
 0.0002754  0.0000544  0.0000765  0.0001085  0.0001031  0.0000594  0.0001412
 0.0014553  0.0002872  0.0004018  0.0005389  0.0008263  0.0004297  0.0014343
 0.0058873  0.0011678  0.0016497  0.0023820  0.0018777  0.0011324  0.0022152
 0.0198248  0.0039668  0.0055376  0.0072995  0.0133247  0.0066753  0.0248541
 0.0567439  0.0116656  0.0166200  0.0251811  0.0140817  0.0089331  0.0135362
 0.1378341  0.0298626  0.0418911  0.0559554  0.1334186  0.0611507  0.2901215
 0.2688930  0.0657159  0.0960406  0.1624509  0.0368388  0.0267822 -0.0626332
 0.3722979  0.1178580  0.1695650  0.2375416  0.9024156  0.3933800  2.3276297
 0.2554204  0.1338876  0.2420327  0.4944766 -0.9395851 -0.4936489 -7.2848677
 0.0430864 -0.0393079 -0.3120047 -2.1021770 -2.6092289  0.4931868  9.5279672
-0.0084472 -0.3700909 -1.2074946  0.4458438  5.6794336 -0.4741253 -7.5991465
-0.0143687 -0.5275738  0.4148298  2.1153844 -4.8419938 -0.6870474  4.1200524
-0.0057001 -0.2109837  0.8759927 -1.6602903  1.9440357 -0.0924006 -1.2146848
 
    210.173390     53.084551     17.758267      7.106953      3.127487
      1.415803      0.628021      0.264789      0.104859
 
 0.0007749  0.0010141  0.0011969  0.0016899  0.0021593  0.0025349
 0.0056982  0.0075122  0.0084207  0.0131204  0.0250511  0.0500678
 0.0245859  0.0324716  0.0457655  0.0580402  0.0949622  0.1286686
 0.0722411  0.0945007  0.1336989  0.1731341  0.5598571  1.2535627
 0.1652968  0.2711553  0.4465375  0.6339617  0.3771787 -1.8328661
 0.2813008  0.4978120 -0.1331389  0.0215090 -1.9368602  0.3862876
 0.3519570  0.0080214 -0.8313600 -0.7436716  1.0501697  1.7354439
 0.2807800 -0.5357788 -0.4220788  1.3403017  0.3472751 -2.0967629
 0.0813070 -0.3743012  0.8052464 -0.2566658 -0.7992331  1.1991717
 
     14.611416      6.700159      3.072401      1.408869      0.646046
      0.296249
 
 0.0060215  0.0148755  0.0126875 -0.0393144  0.2242503
 0.0216745  0.0338404  0.2075997  0.9829682  1.4552284
 0.1307392  0.4910254  0.9971118 -0.2495430 -3.0700538
 0.4049245  0.5105406 -0.9693756 -1.5102151  3.3458160
 0.4144585 -0.4408767 -0.5225982  2.2619959 -2.4816162
 0.2093720 -0.5469728  0.9383979 -1.3135422  1.0409260
 
     13.230236      6.612924      3.305366      1.652135      0.825793
      0.412760
 
 0.0020028  0.0099457 -0.0070704 -0.0691924
 0.0149045  0.0289758  0.2633417  1.0818146
 0.1190723  0.5409751  0.9686034 -0.4580234
 0.4244980  0.4605022 -1.0529058 -1.2745503
 0.4009850 -0.4347464 -0.3687277  2.1508793
 0.2220708 -0.5161327  0.8731150 -1.3071915
 
      7.501940      3.919717      2.048028      1.070082      0.559111
 
 0.0097954  0.0137066  0.1508855
 0.0960522  0.5034336  1.1114058
 0.4295955  0.5422646 -1.1143991
 0.4283991 -0.4857082 -0.2745103
 0.2144426 -0.4780843  0.8115653
 
      8.261664      4.015093      1.951299      0.948313
 
-0.0021554  0.0050902
 0.1760214  0.7221366
 0.5827403  0.2349080
 0.3983752 -0.8432473
 
      7.544900      3.971000      2.090000      1.100000
 
 0.0025635
 0.2314339
 0.5688363
 0.3552000
 
