! FANO-5Z - Frozen Atomic Natural Orbital- Pentuple Zeta basis sets
! 
! Please cite
! Daniel Claudino and Rodney J. Bartlett The Journal of Chemical Physics 149, 064105 (2018); https://doi.org/10.1063/1.5039741
! 
F:FANO-5Z
GITHUB.COM/DANCLAUDINO

  6
    0    1    2    3    4    5
    6    5    4    3    2    1
   14   10    7    6    5    5

 121062.945500  19158.181820   4354.827393   1271.994551    439.628112
    169.588390     70.202116     30.413136     13.573606      6.170823
      2.824181      1.279087      0.557780      0.224436
 
 0.0000504  0.0000102  0.0000142  0.0000193  0.0000261  0.0000339
 0.0003769  0.0000765  0.0001070  0.0001446  0.0001397  0.0002371
 0.0019735  0.0004010  0.0005579  0.0007602  0.0011443  0.0013743
 0.0076749  0.0015675  0.0021964  0.0029718  0.0022147  0.0047163
 0.0246993  0.0051052  0.0070986  0.0097928  0.0178109  0.0193606
 0.0683740  0.0145712  0.0205839  0.0284010  0.0127966  0.0476489
 0.1607434  0.0365148  0.0511924  0.0749448  0.1723654  0.1915586
 0.2991940  0.0782473  0.1134406  0.1665818  0.0006274  0.2652233
 0.3693434  0.1311221  0.1945428  0.3462790  1.2488806  1.5563138
 0.2046012  0.1175214  0.2151467  0.2118814 -2.3565783 -6.6230055
 0.0230166 -0.0948590 -0.5263921 -2.4001019 -0.6283423 10.1066547
-0.0082481 -0.3912086 -1.1032724  1.4088818  4.5939191 -9.1348576
-0.0133401 -0.4955158  0.6136469  1.4509077 -4.7875216  5.0537992
-0.0047328 -0.1819609  0.7599931 -1.5064592  2.0566544 -1.6254766
 
    354.594487     94.058585     32.292988     13.380424      6.232206
      3.052498      1.485040      0.688077      0.297126      0.120061
 
 0.0004786  0.0006445  0.0009365  0.0014576  0.0011897
 0.0033756  0.0045590  0.0069203  0.0090280  0.0081087
 0.0149808  0.0205440  0.0330262  0.0540623  0.0511351
 0.0438050  0.0598565  0.1031192  0.1341574  0.1790631
 0.1009017  0.1506613  0.3030877  0.5831162  0.6570061
 0.1878467  0.3448669  0.5458257  0.1545515 -0.8753243
 0.2804455  0.3833532 -0.5370000 -0.8886805 -1.1549400
 0.3267401 -0.1747872 -0.8223302  0.4626710  1.4949783
 0.2466172 -0.5647348  0.2131408  1.1847347 -0.9491074
 0.0661640 -0.2616863  0.6209996 -0.8899125 -0.1198806
 
     15.937332      8.164929      4.183013      2.143019      1.097900
      0.562470      0.288162
 
 0.0099877  0.0180329  0.0350615  0.0200221
 0.0182291  0.0500871  0.1653592  0.8449844
 0.1129426  0.3667651  0.9555531  0.2437608
 0.2918218  0.5694324 -0.5236269 -2.1238781
 0.4123775 -0.1802057 -0.8982762  1.8033984
 0.2439545 -0.4729792  0.3856790  0.1414629
 0.1060574 -0.3164088  0.5665980 -0.8108899
 
     15.500222      7.879849      4.005879      2.036469      1.035280
      0.526305
 
 0.0024842  0.0137445 -0.0023163
 0.0188184  0.0647059  0.3747351
 0.1408068  0.5780143  0.8425698
 0.4357225  0.3612027 -1.1107894
 0.3787199 -0.4194522 -0.2714357
 0.2063620 -0.5146371  0.8531857
 
     10.316731      5.291796      2.714338      1.392275      0.714144
 
 0.0097112  0.0150489
 0.0886335  0.4566844
 0.4153425  0.5818295
 0.4434196 -0.4475910
 0.2282712 -0.5051920
 
     10.793266      6.023068      3.361109      1.875631      1.046676
 
 0.0072723
 0.0641812
 0.3882005
 0.4335436
 0.2777572
 
