! FANO-5Z - Frozen Atomic Natural Orbital- Pentuple Zeta basis sets
! 
! Please cite
! Daniel Claudino and Rodney J. Bartlett The Journal of Chemical Physics 149, 064105 (2018); https://doi.org/10.1063/1.5039741
! 
H:FANO-5Z
GITHUB.COM/DANCLAUDINO

  5
    0    1    2    3    4
    5    4    3    2    1
    9    5    4    3    2

    837.356579    123.458805     27.680014      7.844351      2.563517
      0.933097      0.373153      0.159317      0.067056
 
 0.0001790  0.0002233  0.0002246 -0.0001340  0.0000096
 0.0014350  0.0017568  0.0016673  0.0001006 -0.0002602
 0.0075198  0.0097079  0.0105514 -0.0098762  0.0011647
 0.0306980  0.0409014  0.0518750  0.0272491 -0.0299793
 0.0996268  0.1889284  0.4374404 -0.8069707 -0.0755510
 0.2256409  0.7385144 -0.4230236  3.3157804  1.3811915
 0.3838250  0.1407414 -1.6153919 -3.1328920 -0.2283796
 0.3346064 -0.9043892  1.1323466  0.6393398 -0.2534510
 0.0690780 -0.2198487  0.3952537  0.6269256 -0.0116513
 
      5.331873      2.436701      1.113589      0.508917      0.232579
 
 0.0145685  0.0320509  0.0380325  0.2662518
 0.0304571  0.2354711  0.8869886  1.2371801
 0.2581008  0.7828342 -0.8035618 -0.8929858
 0.4464917 -0.1092604 -1.3296175 -0.6688003
 0.3672381 -0.8803464  1.4724720  0.4512826
 
      4.548996      2.057159      0.930294      0.420700
 
 0.0046694  0.0417386  0.0877917
 0.1229407  0.5888411  0.6993129
 0.4466431  0.4919971  0.3994906
 0.5342087 -1.1179915 -0.2189269
 
      3.332879      1.460380      0.639900
 
 0.0409794  0.2963966
 0.3905772  0.8291138
 0.6702538 -1.1956752
 
      3.144784      1.146100
 
 0.1380005
 0.9225006
 
