! FANO-5Z - Frozen Atomic Natural Orbital- Pentuple Zeta basis sets
! 
! Please cite
! Daniel Claudino and Rodney J. Bartlett The Journal of Chemical Physics 149, 064105 (2018); https://doi.org/10.1063/1.5039741
! 
HE:FANO-5Z
GITHUB.COM/DANCLAUDINO

  5
    0    1    2    3    4
    5    4    3    2    1
   10    6    5    4    3

   4830.039864    729.242971    162.927888     46.500237     15.381158
      5.557872      2.123589      0.843040      0.342850      0.139687
 
 0.0000588  0.0000869  0.0001234  0.0002251  0.0003734
 0.0004626  0.0006879  0.0011267  0.0007926 -0.0004734
 0.0024575  0.0036674  0.0050132  0.0124293  0.0254321
 0.0099368  0.0154786  0.0299991  0.0204707 -0.0119575
 0.0337886  0.0592664  0.1291769  0.5127996  1.3516102
 0.0965628  0.2353574  0.8236758  1.0562443 -1.6296285
 0.2145946  0.6100837  0.1662760 -2.8962626 -0.4861139
 0.3465554  0.2134565 -1.7054480  1.8561341  3.2481764
 0.3481472 -0.7147305  0.5351518  0.5816230 -4.0816059
 0.1208608 -0.3539709  0.6079793 -1.0271852  2.0840641
 
     24.318374     10.335490      4.392660      1.866913      0.793452
      0.337223
 
 0.0036018  0.0157597  0.0346931  0.0674869
 0.0140504  0.0626109  0.3474510  1.2177705
 0.0866688  0.4972044  0.9855711 -1.0715503
 0.3483431  0.6038030 -1.3120605 -0.7809904
 0.4856132 -0.5373491 -0.2000551  2.0348272
 0.2032890 -0.4752354  0.8269020 -1.3400016
 
     16.140882      7.002248      3.037720      1.317826      0.571700
 
 0.0054046  0.0184132  0.0877939
 0.0365097  0.2823648  0.9574847
 0.2994895  0.7771140 -0.4247461
 0.5409829 -0.3139675 -0.9332589
 0.2686968 -0.6037807  1.0198688
 
     12.739320      5.111029      2.050550      0.822683
 
 0.0042537  0.0534988
 0.1810178  0.7551216
 0.6365002  0.0944087
 0.3397977 -0.7675367
 
      9.637522      3.755854      1.463700
 
 0.0307172
 0.4981572
 0.6213184
 
