! FANO-QZ - Frozen Atomic Natural Orbital- Quadruple Zeta basis sets
! 
! Please cite
! Daniel Claudino and Rodney J. Bartlett The Journal of Chemical Physics 149, 064105 (2018); https://doi.org/10.1063/1.5039741
! 
****
B     0
S   14   1.00
  33713.2090900              0.0000969
   5944.1469550              0.0006365
   1398.4465480              0.0033100
    408.4840030              0.0130585
    139.7224310              0.0427378
     53.4151770              0.1186584
     22.0062560              0.2776099
      9.5014400              0.5176670
      4.2096900              0.6781401
      1.8837970              0.4191816
      0.8409510              0.0534040
      0.3705840             -0.0088276
      0.1595430             -0.0174374
      0.0663110             -0.0066536
S   14   1.00
  33713.2090900              0.0000139
   5944.1469550              0.0000911
   1398.4465480              0.0004742
    408.4840030              0.0018794
    139.7224310              0.0062080
     53.4151770              0.0176819
     22.0062560              0.0434925
      9.5014400              0.0907642
      4.2096900              0.1565133
      1.8837970              0.1792387
      0.8409510             -0.0423788
      0.3705840             -0.5007890
      0.1595430             -0.7622621
      0.0663110             -0.3150608
S   14   1.00
  33713.2090900              0.0000083
   5944.1469550              0.0000551
   1398.4465480              0.0002838
    408.4840030              0.0011410
    139.7224310              0.0037074
     53.4151770              0.0108965
     22.0062560              0.0262823
      9.5014400              0.0581135
      4.2096900              0.0942056
      1.8837970              0.1469322
      0.8409510             -0.1951643
      0.3705840             -0.7628532
      0.1595430              0.2901479
      0.0663110              0.5109936
S   14   1.00
  33713.2090900              0.0000056
   5944.1469550              0.0000378
   1398.4465480              0.0001899
    408.4840030              0.0007926
    139.7224310              0.0024784
     53.4151770              0.0079301
     22.0062560              0.0186310
      9.5014400              0.0460571
      4.2096900              0.0640337
      1.8837970              0.1236577
      0.8409510             -0.5732022
      0.3705840              0.1117650
      0.1595430              0.6182322
      0.0663110             -0.5047843
S   14   1.00
  33713.2090900              0.0000016
   5944.1469550              0.0000075
   1398.4465480              0.0000627
    408.4840030              0.0001285
    139.7224310              0.0010291
     53.4151770              0.0011992
     22.0062560              0.0119650
      9.5014400              0.0022251
      4.2096900              0.0506220
      1.8837970             -0.0671861
      0.8409510             -0.3807379
      0.3705840              0.7660287
      0.1595430             -0.4494901
      0.0663110              0.2428375
P   8   1.00
     55.5985150              0.0020086
     12.5957260              0.0156263
      3.9252440              0.0646204
      1.4127370              0.2075692
      0.5524420              0.4700048
      0.2327110              0.6433904
      0.1037760              0.5388558
      0.0448880              0.1651352
P   8   1.00
     55.5985150              0.0017813
     12.5957260              0.0137498
      3.9252440              0.0506776
      1.4127370              0.1544731
      0.5524420              0.6015101
      0.2327110              0.7335476
      0.1037760              0.2341586
      0.0448880             -0.1365318
P   8   1.00
     55.5985150              0.0007913
     12.5957260              0.0062494
      3.9252440              0.0222719
      1.4127370              0.0758263
      0.5524420              0.4156673
      0.2327110             -0.0099973
      0.1037760             -0.1827261
      0.0448880             -0.8873819
P   8   1.00
     55.5985150              0.0008323
     12.5957260              0.0102565
      3.9252440              0.0239363
      1.4127370              0.1772710
      0.5524420              0.3098986
      0.2327110             -0.2235486
      0.1037760             -0.6317913
      0.0448880              0.6501729
D   6   1.00
      3.6455150              0.0122038
      1.7449540              0.0373810
      0.8352350              0.2651468
      0.3997920              0.6768987
      0.1913630              0.6321608
      0.0915980              0.2652015
D   6   1.00
      3.6455150             -0.0062663
      1.7449540             -0.0248672
      0.8352350              0.6625073
      0.3997920              0.3301854
      0.1913630             -0.5769520
      0.0915980             -0.3442825
D   6   1.00
      3.6455150             -0.0030301
      1.7449540              0.2398938
      0.8352350              0.4638478
      0.3997920             -0.7765023
      0.1913630              0.0756739
      0.0915980              0.3443902
F   4   1.00
      1.7568920              0.0199075
      0.8872750              0.3881118
      0.4480970              0.6792141
      0.2263000              0.6226084
F   4   1.00
      1.7568920              0.0451652
      0.8872750              0.7283662
      0.4480970              0.0065425
      0.2263000             -0.6836666
G   3   1.00
      1.6104090              0.0740100
      0.7332410              0.7652107
      0.3338550              0.6395116
****
