! FANO-QZ - Frozen Atomic Natural Orbital- Quadruple Zeta basis sets
! 
! Please cite
! Daniel Claudino and Rodney J. Bartlett The Journal of Chemical Physics 149, 064105 (2018); https://doi.org/10.1063/1.5039741
! 
****
F     0
S   14   1.00
 121062.9455000              0.0000921
  19158.1818200              0.0006883
   4354.8273930              0.0036045
   1271.9945510              0.0140176
    439.6281120              0.0451112
    169.5883900              0.1248795
     70.2021160              0.2935847
     30.4131360              0.5464534
     13.5736060              0.6745756
      6.1708230              0.3736873
      2.8241810              0.0420379
      1.2790870             -0.0150644
      0.5577800             -0.0243646
      0.2244360             -0.0086441
S   14   1.00
 121062.9455000              0.0000148
  19158.1818200              0.0001105
   4354.8273930              0.0005792
   1271.9945510              0.0022640
    439.6281120              0.0073734
    169.5883900              0.0210451
     70.2021160              0.0527382
     30.4131360              0.1130121
     13.5736060              0.1893789
      6.1708230              0.1697355
      2.8241810             -0.1370043
      1.2790870             -0.5650205
      0.5577800             -0.7156708
      0.2244360             -0.2628052
S   14   1.00
 121062.9455000              0.0000089
  19158.1818200              0.0000670
   4354.8273930              0.0003495
   1271.9945510              0.0013758
    439.6281120              0.0044466
    169.5883900              0.0128938
     70.2021160              0.0320670
     30.4131360              0.0710594
     13.5736060              0.1218620
      6.1708230              0.1347683
      2.8241810             -0.3297330
      1.2790870             -0.6910919
      0.5577800              0.3843896
      0.2244360              0.4760611
S   14   1.00
 121062.9455000              0.0000055
  19158.1818200              0.0000412
   4354.8273930              0.0002166
   1271.9945510              0.0008467
    439.6281120              0.0027901
    169.5883900              0.0080918
     70.2021160              0.0213527
     30.4131360              0.0474612
     13.5736060              0.0986591
      6.1708230              0.0603676
      2.8241810             -0.6838183
      1.2790870              0.4014076
      0.5577800              0.4133813
      0.2244360             -0.4292086
S   14   1.00
 121062.9455000              0.0000035
  19158.1818200              0.0000187
   4354.8273930              0.0001532
   1271.9945510              0.0002965
    439.6281120              0.0023845
    169.5883900              0.0017132
     70.2021160              0.0230761
     30.4131360              0.0000840
     13.5736060              0.1671988
      6.1708230             -0.3154962
      2.8241810             -0.0841218
      1.2790870              0.6150290
      0.5577800             -0.6409483
      0.2244360              0.2753427
P   10   1.00
    354.5944870              0.0008764
     94.0585850              0.0061813
     32.2929880              0.0274322
     13.3804240              0.0802137
      6.2322060              0.1847667
      3.0524980              0.3439764
      1.4850400              0.5135391
      0.6880770              0.5983117
      0.2971260              0.4515944
      0.1200610              0.1211566
P   10   1.00
    354.5944870              0.0007646
     94.0585850              0.0054083
     32.2929880              0.0243714
     13.3804240              0.0710079
      6.2322060              0.1787299
      3.0524980              0.4091166
      1.4850400              0.4547729
      0.6880770             -0.2073505
      0.2971260             -0.6699464
      0.1200610             -0.3104392
P   10   1.00
    354.5944870              0.0006986
     94.0585850              0.0051621
     32.2929880              0.0246353
     13.3804240              0.0769198
      6.2322060              0.2260825
      3.0524980              0.4071483
      1.4850400             -0.4005649
      0.6880770             -0.6134015
      0.2971260              0.1589883
      0.1200610              0.4632228
P   10   1.00
    354.5944870              0.0007699
     94.0585850              0.0047686
     32.2929880              0.0285558
     13.3804240              0.0708621
      6.2322060              0.3080027
      3.0524980              0.0816343
      1.4850400             -0.4694022
      0.6880770              0.2443834
      0.2971260              0.6257784
      0.1200610             -0.4700529
D   7   1.00
     15.9373320              0.0171498
      8.1649290              0.0313011
      4.1830130              0.1939332
      2.1430190              0.5010858
      1.0979000              0.7080913
      0.5624700              0.4188931
      0.2881620              0.1821107
D   7   1.00
     15.9373320              0.0199395
      8.1649290              0.0553829
      4.1830130              0.4055435
      2.1430190              0.6296390
      1.0979000             -0.1992590
      0.5624700             -0.5229877
      0.2881620             -0.3498630
D   7   1.00
     15.9373320              0.0222081
      8.1649290              0.1047391
      4.1830130              0.6052508
      2.1430190             -0.3316672
      1.0979000             -0.5689714
      0.5624700              0.2442905
      0.2881620              0.3588852
F   6   1.00
     15.5002220              0.0039473
      7.8798490              0.0299023
      4.0058790              0.2237411
      2.0364690              0.6923604
      1.0352800              0.6017837
      0.5263050              0.3279080
F   6   1.00
     15.5002220              0.0144103
      7.8798490              0.0678401
      4.0058790              0.6060118
      2.0364690              0.3786984
      1.0352800             -0.4397694
      0.5263050             -0.5395648
G   5   1.00
     10.3167310              0.0148234
      5.2917960              0.1352926
      2.7143380              0.6339900
      1.3922750              0.6768477
      0.7141440              0.3484394
****
