! FANO-QZ - Frozen Atomic Natural Orbital- Quadruple Zeta basis sets
! 
! Please cite
! Daniel Claudino and Rodney J. Bartlett The Journal of Chemical Physics 149, 064105 (2018); https://doi.org/10.1063/1.5039741
! 
****
O     0
S   14   1.00
 104579.4181000              0.0000774
  18684.8305100              0.0005020
   4378.1467270              0.0026527
   1261.9243590              0.0107314
    424.7376670              0.0361369
    160.1031240              0.1034337
     65.3713900              0.2512464
     28.1512460              0.4901427
     12.5101940              0.6786310
      5.6307800              0.4655847
      2.5226990              0.0785387
      1.1051140             -0.0153977
      0.4639490             -0.0261916
      0.1822140             -0.0103902
S   14   1.00
 104579.4181000              0.0000119
  18684.8305100              0.0000770
   4378.1467270              0.0004068
   1261.9243590              0.0016539
    424.7376670              0.0056181
    160.1031240              0.0165218
     65.3713900              0.0422938
     28.1512460              0.0930722
     12.5101940              0.1669202
      5.6307800              0.1896226
      2.5226990             -0.0556710
      1.1051140             -0.5241530
      0.4639490             -0.7471932
      0.1822140             -0.2988124
S   14   1.00
 104579.4181000              0.0000073
  18684.8305100              0.0000475
   4378.1467270              0.0002495
   1261.9243590              0.0010244
    424.7376670              0.0034386
    160.1031240              0.0103203
     65.3713900              0.0260125
     28.1512460              0.0596369
     12.5101940              0.1052923
      5.6307800              0.1502915
      2.5226990             -0.1937410
      1.1051140             -0.7498003
      0.4639490              0.2575908
      0.1822140              0.5439524
S   14   1.00
 104579.4181000              0.0000046
  18684.8305100              0.0000311
   4378.1467270              0.0001544
   1261.9243590              0.0006825
    424.7376670              0.0020915
    160.1031240              0.0072151
     65.3713900              0.0160328
     28.1512460              0.0465468
     12.5101940              0.0680624
      5.6307800              0.1416816
      2.5226990             -0.6023334
      1.1051140              0.1277469
      0.4639490              0.6061177
      0.1822140             -0.4757203
S   14   1.00
 104579.4181000              0.0000026
  18684.8305100              0.0000125
   4378.1467270              0.0001002
   1261.9243590              0.0002277
    424.7376670              0.0016158
    160.1031240              0.0017076
     65.3713900              0.0161788
     28.1512460              0.0044672
     12.5101940              0.1094300
      5.6307800             -0.1139373
      2.5226990             -0.3164040
      1.1051140              0.6887075
      0.4639490             -0.5871567
      0.1822140              0.2357404
P   9   1.00
    210.1733900              0.0013664
     53.0845510              0.0100475
     17.7582670              0.0433518
      7.1069530              0.1273811
      3.1274870              0.2914642
      1.4158030              0.4960115
      0.6280210              0.6205979
      0.2647890              0.4950932
      0.1048590              0.1433668
P   9   1.00
    210.1733900              0.0011643
     53.0845510              0.0086250
     17.7582670              0.0372816
      7.1069530              0.1084991
      3.1274870              0.3113215
      1.4158030              0.5715529
      0.6280210              0.0092096
      0.2647890             -0.6151437
      0.1048590             -0.4297464
P   9   1.00
    210.1733900              0.0009035
     53.0845510              0.0063566
     17.7582670              0.0345472
      7.1069530              0.1009258
      3.1274870              0.3370795
      1.4158030             -0.1005031
      0.6280210             -0.6275719
      0.2647890             -0.3186162
      0.1048590              0.6078594
P   9   1.00
    210.1733900              0.0010008
     53.0845510              0.0077702
     17.7582670              0.0343727
      7.1069530              0.1025338
      3.1274870              0.3754460
      1.4158030              0.0127381
      0.6280210             -0.4404186
      0.2647890              0.7937560
      0.1048590             -0.1520031
D   6   1.00
     14.6114160              0.0095546
      6.7001590              0.0343920
      3.0724010              0.2074507
      1.4088690              0.6425146
      0.6460460              0.6576428
      0.2962490              0.3322214
D   6   1.00
     14.6114160              0.0149003
      6.7001590              0.0338968
      3.0724010              0.4918436
      1.4088690              0.5113913
      0.6460460             -0.4416114
      0.2962490             -0.5478843
D   6   1.00
     14.6114160              0.0071704
      6.7001590              0.1173258
      3.0724010              0.5635218
      1.4088690             -0.5478466
      0.6460460             -0.2953485
      0.2962490              0.5303394
F   6   1.00
     13.2302360              0.0031483
      6.6129240              0.0234287
      3.3053660              0.1871717
      1.6521350              0.6672754
      0.8257930              0.6303149
      0.4127600              0.3490768
F   6   1.00
     13.2302360              0.0101452
      6.6129240              0.0295571
      3.3053660              0.5518280
      1.6521350              0.4697407
      0.8257930             -0.4434682
      0.4127600             -0.5264873
G   5   1.00
      7.5019400              0.0150541
      3.9197170              0.1476180
      2.0480280              0.6602245
      1.0700820              0.6583858
      0.5591110              0.3295665
****
