! FANO-6Z - Frozen Atomic Natural Orbital- Hextuple Zeta basis sets
! 
! Please cite
! Daniel Claudino and Rodney J. Bartlett The Journal of Chemical Physics 149, 064105 (2018); https://doi.org/10.1063/1.5039741
! 
****
C     0
S   14   1.00
  50386.7510900              0.0000934
   8819.2373630              0.0006154
   2086.7321560              0.0031621
    612.8795870              0.0124403
    209.4234020              0.0411252
     79.3863770              0.1168228
     32.2752830              0.2802431
     13.7491780              0.5308248
      6.0385850              0.6810579
      2.7005220              0.3969034
      1.2150470              0.0455190
      0.5418380             -0.0125534
      0.2344430             -0.0226724
      0.0954250             -0.0083165
S   14   1.00
  50386.7510900              0.0000139
   8819.2373630              0.0000915
   2086.7321560              0.0004703
    612.8795870              0.0018585
    209.4234020              0.0062066
     79.3863770              0.0181043
     32.2752830              0.0459208
     13.7491780              0.0984414
      6.0385850              0.1698311
      2.7005220              0.1770090
      1.2150470             -0.0838538
      0.5418380             -0.5308223
      0.2344430             -0.7427827
      0.0954250             -0.2951711
S   14   1.00
  50386.7510900              0.0000086
   8819.2373630              0.0000568
   2086.7321560              0.0002901
    612.8795870              0.0011585
    209.4234020              0.0038228
     79.3863770              0.0114048
     32.2752830              0.0285736
     13.7491780              0.0638623
      6.0385850              0.1078515
      2.7005220              0.1442426
      1.2150470             -0.2565399
      0.5418380             -0.7290224
      0.2344430              0.3065725
      0.0954250              0.5208148
S   14   1.00
  50386.7510900              0.0000056
   8819.2373630              0.0000375
   2086.7321560              0.0001910
    612.8795870              0.0007690
    209.4234020              0.0025366
     79.3863770              0.0077970
     32.2752830              0.0202159
     13.7491780              0.0468917
      6.0385850              0.0828557
      2.7005220              0.0908409
      1.2150470             -0.6064234
      0.5418380              0.1916865
      0.2344430              0.5794554
      0.0954250             -0.4918800
S   14   1.00
  50386.7510900              0.0000030
   8819.2373630              0.0000141
   2086.7321560              0.0001145
    612.8795870              0.0002335
    209.4234020              0.0018058
     79.3863770              0.0018132
     32.2752830              0.0187119
     13.7491780              0.0021735
      6.0385850              0.1134263
      2.7005220             -0.1771451
      1.2150470             -0.2431160
      0.5418380              0.6903571
      0.2344430             -0.5943428
      0.0954250              0.2577808
S   14   1.00
  50386.7510900              0.0000069
   8819.2373630              0.0000349
   2086.7321560              0.0002572
    612.8795870              0.0006072
    209.4234020              0.0039096
     79.3863770              0.0047464
     32.2752830              0.0369240
     13.7491780              0.0093001
      6.0385850              0.2298326
      2.7005220             -0.3263304
      1.2150470             -0.0037104
      0.5418380              0.3989895
      0.2344430             -0.7957839
      0.0954250              0.2161458
S   14   1.00
  50386.7510900              0.0000028
   8819.2373630              0.0000155
   2086.7321560              0.0001025
    612.8795870              0.0002925
    209.4234020              0.0015941
     79.3863770              0.0033845
     32.2752830              0.0185654
     13.7491780              0.0114008
      6.0385850              0.0973109
      2.7005220             -0.4216126
      1.2150470              0.6295099
      0.5418380             -0.5530418
      0.2344430              0.3176018
      0.0954250             -0.0963108
P   8   1.00
     83.1513210              0.0021274
     19.5924490              0.0166142
      6.0476250              0.0734270
      2.1892240              0.2282381
      0.8700640              0.4839788
      0.3648050              0.6479795
      0.1562410              0.5172421
      0.0654550              0.1434680
P   8   1.00
     83.1513210              0.0018118
     19.5924490              0.0138614
      6.0476250              0.0555838
      2.1892240              0.1654087
      0.8700640              0.6371340
      0.3648050              0.6241665
      0.1562410              0.1099289
      0.0654550             -0.4021779
P   8   1.00
     83.1513210              0.0009433
     19.5924490              0.0080271
      6.0476250              0.0332357
      2.1892240              0.1298832
      0.8700640              0.3887214
      0.3648050             -0.1875256
      0.1562410             -0.5998300
      0.0654550             -0.6602228
P   8   1.00
     83.1513210              0.0011754
     19.5924490              0.0127233
      6.0476250              0.0435256
      2.1892240              0.2318902
      0.8700640              0.2680426
      0.3648050             -0.2856108
      0.1562410             -0.5382131
      0.0654550              0.7078669
P   8   1.00
     83.1513210              0.0014689
     19.5924490              0.0149206
      6.0476250              0.0699237
      2.1892240              0.3041191
      0.8700640             -0.2265282
      0.3648050             -0.3986376
      0.1562410              0.7280844
      0.0654550             -0.4025712
P   8   1.00
     83.1513210              0.0019833
     19.5924490              0.0070582
      6.0476250              0.1153186
      2.1892240              0.0793783
      0.8700640             -0.4634744
      0.3648050              0.6672243
      0.1562410             -0.5276121
      0.0654550              0.2048796
D   6   1.00
      5.2360130              0.0170162
      2.5791440              0.0514396
      1.2704290              0.2818154
      0.6257850              0.6665221
      0.3082480              0.6067801
      0.1518360              0.3243620
D   6   1.00
      5.2360130              0.0131308
      2.5791440              0.0619977
      1.2704290              0.6803413
      0.6257850              0.2815682
      0.3082480             -0.5274367
      0.1518360             -0.4191055
D   6   1.00
      5.2360130              0.0034995
      2.5791440              0.2947006
      1.2704290              0.3915393
      0.6257850             -0.7726300
      0.3082480              0.0312748
      0.1518360              0.4023692
D   6   1.00
      5.2360130              0.0468010
      2.5791440              0.4907491
      1.2704290             -0.6823580
      0.6257850              0.1695145
      0.3082480              0.3793566
      0.1518360             -0.3445516
D   6   1.00
      5.2360130              0.2019859
      2.5791440             -0.0955311
      1.2704290             -0.3016435
      0.6257850              0.6224582
      0.3082480             -0.6190543
      0.1518360              0.2973285
F   5   1.00
      4.8000000              0.0110905
      2.4000000              0.0482436
      1.2000000              0.4945979
      0.6000000              0.7089697
      0.3000000              0.5002843
F   5   1.00
      4.8000000             -0.0204378
      2.4000000              0.2264658
      1.2000000              0.7098712
      0.6000000             -0.1819649
      0.3000000             -0.6413011
F   5   1.00
      4.8000000             -0.0290747
      2.4000000              0.5126146
      1.2000000             -0.1044299
      0.6000000             -0.6347047
      0.3000000              0.5680011
F   5   1.00
      4.8000000              0.0648367
      2.4000000              0.2982754
      1.2000000             -0.6461113
      0.6000000              0.6308171
      0.3000000             -0.3023872
G   4   1.00
      2.9555240              0.0174571
      1.5028790              0.4512965
      0.7642110              0.7939631
      0.3886000              0.4070004
G   4   1.00
      2.9555240              0.1049500
      1.5028790              0.7909388
      0.7642110             -0.2680202
      0.3886000             -0.5399690
G   4   1.00
      2.9555240              0.4297813
      1.5028790              0.0253424
      0.7642110             -0.6799182
      0.3886000              0.5935967
H   3   1.00
      3.1923270              0.0235975
      1.4255790              0.6977855
      0.6366120              0.7159180
H   3   1.00
      3.1923270              0.2117654
      1.4255790              0.6373118
      0.6366120             -0.7409380
I   3   1.00
      3.3760440              0.0342819
      1.5616880              0.7474514
      0.7224050              0.6634314
****
