! FANO-6Z - Frozen Atomic Natural Orbital- Hextuple Zeta basis sets
! 
! Please cite
! Daniel Claudino and Rodney J. Bartlett The Journal of Chemical Physics 149, 064105 (2018); https://doi.org/10.1063/1.5039741
! 
****
H     0
S   9   1.00
    837.3565790              0.0000942
    123.4588050              0.0007550
     27.6800140              0.0039564
      7.8443510              0.0161511
      2.5635170              0.0524165
      0.9330970              0.1187161
      0.3731530              0.2019413
      0.1593170              0.1760460
      0.0670560              0.0363439
S   9   1.00
    837.3565790              0.0001050
    123.4588050              0.0008261
     27.6800140              0.0045649
      7.8443510              0.0192329
      2.5635170              0.0888390
      0.9330970              0.3472684
      0.3731530              0.0661802
      0.1593170             -0.4252670
      0.0670560             -0.1033785
S   9   1.00
    837.3565790              0.0000941
    123.4588050              0.0006984
     27.6800140              0.0044199
      7.8443510              0.0217301
      2.5635170              0.1832408
      0.9330970             -0.1772017
      0.3731530             -0.6766767
      0.1593170              0.4743323
      0.0670560              0.1655691
S   9   1.00
    837.3565790             -0.0000518
    123.4588050              0.0000389
     27.6800140             -0.0038174
      7.8443510              0.0105325
      2.5635170             -0.3119156
      0.9330970              1.2816372
      0.3731530             -1.2109460
      0.1593170              0.2471218
      0.0670560              0.2423234
S   9   1.00
    837.3565790              0.0000078
    123.4588050             -0.0002103
     27.6800140              0.0009415
      7.8443510             -0.0242336
      2.5635170             -0.0610713
      0.9330970              1.1164797
      0.3731530             -0.1846096
      0.1593170             -0.2048759
      0.0670560             -0.0094183
S   9   1.00
    837.3565790              0.0001891
    123.4588050              0.0037350
     27.6800140              0.0070602
      7.8443510              0.2632477
      2.5635170              1.4867710
      0.9330970             -0.2457549
      0.3731530              0.8168467
      0.1593170             -0.5822806
      0.0670560             -0.0689876
P   5   1.00
      5.3318730              0.0074645
      2.4367010              0.0156054
      1.1135890              0.1322438
      0.5089170              0.2287702
      0.2325790              0.1881628
P   5   1.00
      5.3318730              0.0149812
      2.4367010              0.1100637
      1.1135890              0.3659117
      0.5089170             -0.0510704
      0.2325790             -0.4114908
P   5   1.00
      5.3318730              0.0159255
      2.4367010              0.3714126
      1.1135890             -0.3364789
      0.5089170             -0.5567565
      0.2325790              0.6165746
P   5   1.00
      5.3318730              0.1637444
      2.4367010              0.7608636
      1.1135890             -0.5491847
      0.5089170             -0.4113110
      0.2325790              0.2775380
P   5   1.00
      5.3318730              0.0341642
      2.4367010              0.3583148
      1.1135890             -0.7954017
      0.5089170              1.2308952
      0.2325790             -0.7267160
D   4   1.00
      4.5489960              0.0011829
      2.0571590              0.0311443
      0.9302940              0.1131471
      0.4207000              0.1353299
D   4   1.00
      4.5489960              0.0191003
      2.0571590              0.2694641
      0.9302940              0.2251466
      0.4207000             -0.5116127
D   4   1.00
      4.5489960              0.0501292
      2.0571590              0.3993087
      0.9302940              0.2281097
      0.4207000             -0.1250076
D   4   1.00
      4.5489960              0.1027422
      2.0571590              0.3549325
      0.9302940             -0.9766768
      0.4207000              0.6681623
F   3   1.00
      3.3328790              0.0043026
      1.4603800              0.0410083
      0.6399000              0.0703727
F   3   1.00
      3.3328790              0.0287733
      1.4603800              0.0804879
      0.6399000             -0.1160726
F   3   1.00
      3.3328790             -0.0076538
      1.4603800              0.0618084
      0.6399000             -0.0313052
G   2   1.00
      3.1447840              0.0051647
      1.1461000              0.0345248
G   2   1.00
      3.1447840              0.0280541
      1.1461000             -0.0351154
H   2   1.00
      3.7091110              0.0222931
      1.3529000              0.0202869
****
