! FANO-6Z - Frozen Atomic Natural Orbital- Hextuple Zeta basis sets
! 
! Please cite
! Daniel Claudino and Rodney J. Bartlett The Journal of Chemical Physics 149, 064105 (2018); https://doi.org/10.1063/1.5039741
! 
****
NE    0
S   15   1.00
 312544.6873000              0.0000106
  50787.7069200              0.0000778
  11399.4429700              0.0004237
   3219.2939940              0.0017529
   1067.0663660              0.0060636
    395.0140650              0.0181540
    157.9071280              0.0468455
     66.7089680              0.0974566
     29.3859170              0.1384550
     13.3753880              0.0740060
      6.2357970             -0.0030151
      2.9415450              0.2580262
      1.3766260              0.6259235
      0.6196670              0.6779816
      0.2561770              0.2127571
S   15   1.00
 312544.6873000              0.0000295
  50787.7069200              0.0002163
  11399.4429700              0.0011790
   3219.2939940              0.0048850
   1067.0663660              0.0169807
    395.0140650              0.0514340
    157.9071280              0.1366386
     66.7089680              0.3041176
     29.3859170              0.5197335
     13.3753880              0.5553849
      6.2357970              0.2401261
      2.9415450             -0.1121701
      1.3766260             -0.3201745
      0.6196670             -0.3500175
      0.2561770             -0.1097327
S   15   1.00
 312544.6873000              0.0000036
  50787.7069200              0.0000266
  11399.4429700              0.0001453
   3219.2939940              0.0006037
   1067.0663660              0.0021116
    395.0140650              0.0065082
    157.9071280              0.0179719
     66.7089680              0.0435219
     29.3859170              0.0884961
     13.3753880              0.1421050
      6.2357970              0.0729318
      2.9415450             -0.5022446
      1.3766260             -0.5471105
      0.6196670              0.5171166
      0.2561770              0.3813162
S   15   1.00
 312544.6873000              0.0000021
  50787.7069200              0.0000156
  11399.4429700              0.0000812
   3219.2939940              0.0003605
   1067.0663660              0.0011597
    395.0140650              0.0040244
    157.9071280              0.0098871
     66.7089680              0.0294918
     29.3859170              0.0495980
     13.3753880              0.1358980
      6.2357970             -0.1230270
      2.9415450             -0.6214028
      1.3766260              0.6656364
      0.6196670              0.1355016
      0.2561770             -0.3396719
S   15   1.00
 312544.6873000              0.0000013
  50787.7069200              0.0000110
  11399.4429700              0.0000463
   3219.2939940              0.0002693
   1067.0663660              0.0005956
    395.0140650              0.0032912
    157.9071280              0.0045929
     66.7089680              0.0278972
     29.3859170              0.0185637
     13.3753880              0.1900042
      6.2357970             -0.5947514
      2.9415450              0.4009155
      1.3766260              0.2602651
      0.6196670             -0.5482858
      0.2561770              0.2827109
S   15   1.00
 312544.6873000              0.0000009
  50787.7069200              0.0000032
  11399.4429700              0.0000409
   3219.2939940              0.0000400
   1067.0663660              0.0007499
    395.0140650             -0.0000056
    157.9071280              0.0087556
     66.7089680             -0.0030459
     29.3859170              0.0708715
     13.3753880             -0.0518103
      6.2357970             -0.2462930
      2.9415450              0.5788317
      1.3766260             -0.6365126
      0.6196670              0.4150477
      0.2561770             -0.1381563
S   15   1.00
 312544.6873000              0.0000011
  50787.7069200              0.0000024
  11399.4429700              0.0000547
   3219.2939940             -0.0000011
   1067.0663660              0.0010780
    395.0140650             -0.0007338
    157.9071280              0.0144047
     66.7089680             -0.0119802
     29.3859170              0.1435089
     13.3753880             -0.4125493
      6.2357970              0.5808504
      2.9415450             -0.5445633
      1.3766260              0.3734448
      0.6196670             -0.1815527
      0.2561770              0.0499685
P   10   1.00
    559.2593190              0.0006302
    135.6639700              0.0054278
     42.9895110              0.0278549
     16.7591690              0.0891202
      7.5268760              0.2067340
      3.6452530              0.3649067
      1.7903200              0.5124487
      0.8470070              0.5778962
      0.3722610              0.4493234
      0.1495940              0.1299875
P   10   1.00
    559.2593190              0.0005594
    135.6639700              0.0048435
     42.9895110              0.0252494
     16.7591690              0.0818580
      7.5268760              0.2098889
      3.6452530              0.4372718
      1.7903200              0.3932896
      0.8470070             -0.2421432
      0.3722610             -0.6810939
      0.1495940             -0.2831590
P   10   1.00
    559.2593190              0.0005311
    135.6639700              0.0045566
     42.9895110              0.0261575
     16.7591690              0.0841888
      7.5268760              0.2764635
      3.6452530              0.3939736
      1.7903200             -0.4657472
      0.8470070             -0.5566839
      0.3722610              0.3547612
      0.1495940              0.3284612
P   10   1.00
    559.2593190              0.0005081
    135.6639700              0.0042087
     42.9895110              0.0278286
     16.7591690              0.1015585
      7.5268760              0.3661971
      3.6452530             -0.2999548
      1.7903200             -0.5255999
      0.8470070              0.6343169
      0.3722610              0.0210879
      0.1495940             -0.2928522
P   10   1.00
    559.2593190              0.0002212
    135.6639700              0.0041528
     42.9895110              0.0151877
     16.7591690              0.1260711
      7.5268760              0.1481318
      3.6452530             -0.6520663
      1.7903200              0.6205139
      0.8470070             -0.0867772
      0.3722610             -0.2969659
      0.1495940              0.2365757
P   10   1.00
    559.2593190             -0.0000270
    135.6639700              0.0061839
     42.9895110              0.0047261
     16.7591690              0.2175682
      7.5268760             -0.3357564
      3.6452530              0.0479875
      1.7903200              0.4086696
      0.8470070             -0.6186422
      0.3722610              0.4929055
      0.1495940             -0.2118572
D   7   1.00
     24.3527310              0.0120698
     12.1763050              0.0249500
      6.0881220              0.1501837
      3.0440460              0.4542005
      1.5220150              0.7208542
      0.7610040              0.4573332
      0.3805000              0.2039464
D   7   1.00
     24.3527310              0.0140497
     12.1763050              0.0390179
      6.0881220              0.3117748
      3.0440460              0.6697242
      1.5220150             -0.0639989
      0.7610040             -0.5378839
      0.3805000             -0.3989125
D   7   1.00
     24.3527310              0.0183115
     12.1763050              0.0470850
      6.0881220              0.5540760
      3.0440460             -0.0746804
      1.5220150             -0.7004122
      0.7610040              0.1891441
      0.3805000              0.3981427
D   7   1.00
     24.3527310              0.0029559
     12.1763050              0.1793589
      6.0881220              0.2773037
      3.0440460             -0.7460926
      1.5220150              0.4433084
      0.7610040              0.1981214
      0.3805000             -0.3138402
D   7   1.00
     24.3527310             -0.0064415
     12.1763050              0.3807222
      6.0881220             -0.5139683
      3.0440460              0.1403041
      1.5220150              0.3725866
      0.7610040             -0.5741144
      0.3805000              0.3205188
F   6   1.00
     17.4142900              0.0044945
      9.0364810              0.0372098
      4.6891370              0.2714300
      2.4332490              0.7209350
      1.2626420              0.5758230
      0.6552000              0.2712961
F   6   1.00
     17.4142900              0.0222880
      9.0364810              0.1156093
      4.6891370              0.6546730
      2.4332490              0.2631713
      1.2626420             -0.4486526
      0.6552000             -0.5357170
F   6   1.00
     17.4142900              0.0038700
      9.0364810              0.3043059
      4.6891370              0.4051708
      2.4332490             -0.7097812
      1.2626420             -0.0674630
      0.6552000              0.4846432
F   6   1.00
     17.4142900              0.0259107
      9.0364810              0.4623692
      4.6891370             -0.5143242
      2.4332490             -0.0837770
      1.2626420              0.5805872
      0.6552000             -0.4206112
G   6   1.00
     18.0846440              0.0042829
      9.6931730              0.0395233
      5.1954360              0.2723164
      2.7846970              0.7171238
      1.4925680              0.5704396
      0.8000000              0.2908531
G   6   1.00
     18.0846440              0.0103695
      9.6931730              0.1009835
      5.1954360              0.6839985
      2.7846970              0.2560349
      1.4925680             -0.5134491
      0.8000000             -0.4389272
G   6   1.00
     18.0846440             -0.0067611
      9.6931730              0.3186401
      5.1954360              0.3955754
      2.7846970             -0.7472722
      1.4925680              0.0353729
      0.8000000              0.4269377
H   5   1.00
     17.2152620              0.0054722
      8.9476410              0.0546759
      4.6505410              0.5203059
      2.4171210              0.7522007
      1.2563000              0.4005701
H   5   1.00
     17.2152620             -0.0061697
      8.9476410              0.2601245
      4.6505410              0.7096293
      2.4171210             -0.2658866
      1.2563000             -0.5983542
I   4   1.00
     12.5796260              0.0079029
      6.5362290              0.3136379
      3.3961490              0.7830376
      1.7646000              0.5370483
****
