! FANO-6Z - Frozen Atomic Natural Orbital- Hextuple Zeta basis sets
! 
! Please cite
! Daniel Claudino and Rodney J. Bartlett The Journal of Chemical Physics 149, 064105 (2018); https://doi.org/10.1063/1.5039741
! 
****
B     0
S   14   1.00
  33713.2090900              0.0000529
   5944.1469550              0.0003478
   1398.4465480              0.0018087
    408.4840030              0.0071355
    139.7224310              0.0233529
     53.4151770              0.0648376
     22.0062560              0.1516921
      9.5014400              0.2828646
      4.2096900              0.3705506
      1.8837970              0.2290500
      0.8409510              0.0291811
      0.3705840             -0.0048236
      0.1595430             -0.0095282
      0.0663110             -0.0036357
S   14   1.00
  33713.2090900              0.0000097
   5944.1469550              0.0000639
   1398.4465480              0.0003325
    408.4840030              0.0013177
    139.7224310              0.0043525
     53.4151770              0.0123970
     22.0062560              0.0304932
      9.5014400              0.0636361
      4.2096900              0.1097337
      1.8837970              0.1256668
      0.8409510             -0.0297124
      0.3705840             -0.3511103
      0.1595430             -0.5344328
      0.0663110             -0.2208936
S   14   1.00
  33713.2090900              0.0000139
   5944.1469550              0.0000923
   1398.4465480              0.0004753
    408.4840030              0.0019108
    139.7224310              0.0062088
     53.4151770              0.0182484
     22.0062560              0.0440151
      9.5014400              0.0973229
      4.2096900              0.1577665
      1.8837970              0.2460680
      0.8409510             -0.3268424
      0.3705840             -1.2775533
      0.1595430              0.4859119
      0.0663110              0.8557631
S   14   1.00
  33713.2090900              0.0000201
   5944.1469550              0.0001356
   1398.4465480              0.0006810
    408.4840030              0.0028424
    139.7224310              0.0088880
     53.4151770              0.0284388
     22.0062560              0.0668141
      9.5014400              0.1651690
      4.2096900              0.2296363
      1.8837970              0.4434586
      0.8409510             -2.0556054
      0.3705840              0.4008092
      0.1595430              2.2170910
      0.0663110             -1.8102466
S   14   1.00
  33713.2090900              0.0000072
   5944.1469550              0.0000337
   1398.4465480              0.0002818
    408.4840030              0.0005775
    139.7224310              0.0046253
     53.4151770              0.0053898
     22.0062560              0.0537765
      9.5014400              0.0100007
      4.2096900              0.2275197
      1.8837970             -0.3019668
      0.8409510             -1.7112200
      0.3705840              3.4429029
      0.1595430             -2.0202256
      0.0663110              1.0914290
S   14   1.00
  33713.2090900              0.0000312
   5944.1469550              0.0001547
   1398.4465480              0.0011783
    408.4840030              0.0027264
    139.7224310              0.0183106
     53.4151770              0.0216015
     22.0062560              0.1816076
      9.5014400              0.0251699
      4.2096900              0.9000018
      1.8837970             -1.1291822
      0.8409510             -1.7078759
      0.3705840              4.5832304
      0.1595430             -4.8401030
      0.0663110              1.8184269
S   14   1.00
  33713.2090900              0.0000522
   5944.1469550              0.0002608
   1398.4465480              0.0019342
    408.4840030              0.0048044
    139.7224310              0.0315313
     53.4151770              0.0555822
     22.0062560              0.3765846
      9.5014400              0.0135974
      4.2096900              1.6084835
      1.8837970             -6.3121727
      0.8409510              9.0926090
      0.3705840             -7.8682354
      0.1595430              4.5562965
      0.0663110             -1.4123268
P   8   1.00
     55.5985150              0.0011752
     12.5957260              0.0091424
      3.9252440              0.0378073
      1.4127370              0.1214421
      0.5524420              0.2749848
      0.2327110              0.3764272
      0.1037760              0.3152673
      0.0448880              0.0966153
P   8   1.00
     55.5985150              0.0011931
     12.5957260              0.0092093
      3.9252440              0.0339428
      1.4127370              0.1034630
      0.5524420              0.4028795
      0.2327110              0.4913155
      0.1037760              0.1568348
      0.0448880             -0.0914463
P   8   1.00
     55.5985150              0.0007578
     12.5957260              0.0059848
      3.9252440              0.0213289
      1.4127370              0.0726158
      0.5524420              0.3980677
      0.2327110             -0.0095740
      0.1037760             -0.1749894
      0.0448880             -0.8498097
P   8   1.00
     55.5985150              0.0016210
     12.5957260              0.0199753
      3.9252440              0.0466177
      1.4127370              0.3452482
      0.5524420              0.6035501
      0.2327110             -0.4353772
      0.1037760             -1.2304597
      0.0448880              1.2662592
P   8   1.00
     55.5985150              0.0043727
     12.5957260              0.0466960
      3.9252440              0.1884133
      1.4127370              0.9437033
      0.5524420             -0.6183675
      0.2327110             -1.3110573
      0.1037760              2.2203229
      0.0448880             -1.1425484
P   8   1.00
     55.5985150              0.0113652
     12.5957260              0.0363393
      3.9252440              0.6353474
      1.4127370              0.3918649
      0.5524420             -2.4612356
      0.2327110              3.7441615
      0.1037760             -3.0721786
      0.0448880              1.1744372
D   6   1.00
      3.6455150              0.0075771
      1.7449540              0.0232091
      0.8352350              0.1646242
      0.3997920              0.4202725
      0.1913630              0.3924956
      0.0915980              0.1646582
D   6   1.00
      3.6455150             -0.0068353
      1.7449540             -0.0271252
      0.8352350              0.7226650
      0.3997920              0.3601673
      0.1913630             -0.6293410
      0.0915980             -0.3755444
D   6   1.00
      3.6455150             -0.0058284
      1.7449540              0.4614395
      0.8352350              0.8922185
      0.3997920             -1.4936143
      0.1913630              0.1455599
      0.0915980              0.6624399
D   6   1.00
      3.6455150              0.0424621
      1.7449540              1.6071048
      0.8352350             -2.0151993
      0.3997920              0.5505331
      0.1913630              0.9940451
      0.0915980             -0.9938032
D   6   1.00
      3.6455150              0.8794237
      1.7449540             -0.1256986
      0.8352350             -1.7929140
      0.3997920              3.2254076
      0.1913630             -3.1645648
      0.0915980              1.5639022
F   4   1.00
      1.7568920              0.0132176
      0.8872750              0.2576864
      0.4480970              0.4509634
      0.2263000              0.4133801
F   4   1.00
      1.7568920              0.0552324
      0.8872750              0.8907169
      0.4480970              0.0080008
      0.2263000             -0.8360539
F   4   1.00
      1.7568920              0.6767794
      0.8872750              0.5457120
      0.4480970             -1.8912829
      0.2263000              1.3093834
F   4   1.00
      1.7568920              1.9138169
      0.8872750             -3.2395831
      0.4480970              2.8057204
      0.2263000             -1.2407972
G   3   1.00
      1.6104090              0.0560885
      0.7332410              0.5799151
      0.3338550              0.4846540
G   3   1.00
      1.6104090              0.4331436
      0.7332410              0.7115414
      0.3338550             -1.0248886
G   3   1.00
      1.6104090              1.3836710
      0.7332410             -1.6500356
      0.3338550              0.9055513
H   3   1.00
      1.7137600              0.0537384
      0.8474740              0.6041846
      0.4190860              0.4549204
H   3   1.00
      1.7137600              0.5056532
      0.8474740              0.6215720
      0.4190860             -0.9990456
I   2   1.00
      1.4214670              0.2885338
      0.6768840              0.7989945
****
