! FANO-6Z - Frozen Atomic Natural Orbital- Hextuple Zeta basis sets
! 
! Please cite
! Daniel Claudino and Rodney J. Bartlett The Journal of Chemical Physics 149, 064105 (2018); https://doi.org/10.1063/1.5039741
! 
****
HE    0
S   10   1.00
   4830.0398640              0.0000588
    729.2429710              0.0004626
    162.9278880              0.0024575
     46.5002370              0.0099368
     15.3811580              0.0337886
      5.5578720              0.0965628
      2.1235890              0.2145946
      0.8430400              0.3465554
      0.3428500              0.3481472
      0.1396870              0.1208608
S   10   1.00
   4830.0398640              0.0000869
    729.2429710              0.0006879
    162.9278880              0.0036674
     46.5002370              0.0154786
     15.3811580              0.0592664
      5.5578720              0.2353574
      2.1235890              0.6100837
      0.8430400              0.2134565
      0.3428500             -0.7147305
      0.1396870             -0.3539709
S   10   1.00
   4830.0398640              0.0001234
    729.2429710              0.0011267
    162.9278880              0.0050132
     46.5002370              0.0299991
     15.3811580              0.1291769
      5.5578720              0.8236758
      2.1235890              0.1662760
      0.8430400             -1.7054480
      0.3428500              0.5351518
      0.1396870              0.6079793
S   10   1.00
   4830.0398640              0.0002251
    729.2429710              0.0007926
    162.9278880              0.0124293
     46.5002370              0.0204707
     15.3811580              0.5127996
      5.5578720              1.0562443
      2.1235890             -2.8962626
      0.8430400              1.8561341
      0.3428500              0.5816230
      0.1396870             -1.0271852
S   10   1.00
   4830.0398640              0.0003734
    729.2429710             -0.0004734
    162.9278880              0.0254321
     46.5002370             -0.0119575
     15.3811580              1.3516102
      5.5578720             -1.6296285
      2.1235890             -0.4861139
      0.8430400              3.2481764
      0.3428500             -4.0816059
      0.1396870              2.0840641
S   10   1.00
   4830.0398640              0.0001770
    729.2429710              0.0030659
    162.9278880              0.0067063
     46.5002370              0.1812148
     15.3811580              1.6973847
      5.5578720             -4.4114280
      2.1235890              6.0363990
      0.8430400             -6.0684979
      0.3428500              4.4015776
      0.1396870             -1.7128846
P   6   1.00
     24.3183740              0.0036018
     10.3354900              0.0140504
      4.3926600              0.0866688
      1.8669130              0.3483431
      0.7934520              0.4856132
      0.3372230              0.2032890
P   6   1.00
     24.3183740              0.0157597
     10.3354900              0.0626109
      4.3926600              0.4972044
      1.8669130              0.6038030
      0.7934520             -0.5373491
      0.3372230             -0.4752354
P   6   1.00
     24.3183740              0.0346931
     10.3354900              0.3474510
      4.3926600              0.9855711
      1.8669130             -1.3120605
      0.7934520             -0.2000551
      0.3372230              0.8269020
P   6   1.00
     24.3183740              0.0674869
     10.3354900              1.2177705
      4.3926600             -1.0715503
      1.8669130             -0.7809904
      0.7934520              2.0348272
      0.3372230             -1.3400016
P   6   1.00
     24.3183740              0.4384453
     10.3354900              1.0107915
      4.3926600             -3.0732135
      1.8669130              3.9140860
      0.7934520             -3.1922143
      0.3372230              1.4093359
D   5   1.00
     16.1408820              0.0054046
      7.0022480              0.0365097
      3.0377200              0.2994895
      1.3178260              0.5409829
      0.5717000              0.2686968
D   5   1.00
     16.1408820              0.0184132
      7.0022480              0.2823648
      3.0377200              0.7771140
      1.3178260             -0.3139675
      0.5717000             -0.6037807
D   5   1.00
     16.1408820              0.0877939
      7.0022480              0.9574847
      3.0377200             -0.4247461
      1.3178260             -0.9332589
      0.5717000              1.0198688
D   5   1.00
     16.1408820              0.5142562
      7.0022480              0.6650222
      3.0377200             -2.0588115
      1.3178260              2.2591021
      0.5717000             -1.2040046
F   4   1.00
     12.7393200              0.0042537
      5.1110290              0.1810178
      2.0505500              0.6365002
      0.8226830              0.3397977
F   4   1.00
     12.7393200              0.0534988
      5.1110290              0.7551216
      2.0505500              0.0944087
      0.8226830             -0.7675367
F   4   1.00
     12.7393200              0.3811484
      5.1110290              0.7089572
      2.0505500             -1.3843084
      0.8226830              1.0036812
G   3   1.00
      9.6375220              0.0307172
      3.7558540              0.4981572
      1.4637000              0.6213184
G   3   1.00
      9.6375220              0.3198877
      3.7558540              0.8177891
      1.4637000             -0.9149716
H   3   1.00
     11.1934050              0.0196767
      4.3622000              0.5173978
      1.7000000              0.6288592
****
