! FANO-6Z - Frozen Atomic Natural Orbital- Hextuple Zeta basis sets
! 
! Please cite
! Daniel Claudino and Rodney J. Bartlett The Journal of Chemical Physics 149, 064105 (2018); https://doi.org/10.1063/1.5039741
! 
****
N     0
S   14   1.00
  73027.0995300              0.0000476
  13006.9357000              0.0003074
   3085.0052020              0.0015877
    902.4964980              0.0062994
    306.8769050              0.0210094
    115.9661650              0.0601627
     47.1153690              0.1462920
     20.0894380              0.2831822
      8.8297390              0.3775580
      3.9426890              0.2354506
      1.7639150              0.0310417
      0.7781490             -0.0098506
      0.3315040             -0.0161454
      0.1325480             -0.0062711
S   14   1.00
  73027.0995300              0.0000088
  13006.9357000              0.0000573
   3085.0052020              0.0002963
    902.4964980              0.0011807
    306.8769050              0.0039791
    115.9661650              0.0117004
     47.1153690              0.0301228
     20.0894380              0.0660324
      8.8297390              0.1173722
      3.9426890              0.1258472
      1.7639150             -0.0553809
      0.7781490             -0.3749286
      0.3315040             -0.5109159
      0.1325480             -0.2105960
S   14   1.00
  73027.0995300              0.0000127
  13006.9357000              0.0000833
   3085.0052020              0.0004269
    902.4964980              0.0017223
    306.8769050              0.0057170
    115.9661650              0.0172200
     47.1153690              0.0434598
     20.0894380              0.0995157
      8.8297390              0.1715525
      3.9426890              0.2322038
      1.7639150             -0.3773485
      0.7781490             -1.1348447
      0.3315040              0.3874971
      0.1325480              0.8903240
S   14   1.00
  73027.0995300              0.0000176
  13006.9357000              0.0001166
   3085.0052020              0.0005911
    902.4964980              0.0024277
    306.8769050              0.0079391
    115.9661650              0.0249832
     47.1153690              0.0634909
     20.0894380              0.1569434
      8.8297390              0.2765308
      3.9426890              0.3416677
      1.7639150             -1.9882485
      0.7781490              0.4295133
      0.3315040              2.1693654
      0.1325480             -1.7018331
S   14   1.00
  73027.0995300              0.0000253
  13006.9357000              0.0001190
   3085.0052020              0.0009320
    902.4964980              0.0020637
    306.8769050              0.0146221
    115.9661650              0.0162023
     47.1153690              0.1469481
     20.0894380              0.0451651
      8.8297390              0.9380775
      3.9426890             -1.2091204
      1.7639150             -2.2361502
      0.7781490              5.5457387
      0.3315040             -4.9432817
      0.1325480              1.9813095
S   14   1.00
  73027.0995300              0.0000088
  13006.9357000              0.0000542
   3085.0052020              0.0003003
    902.4964980              0.0010897
    306.8769050              0.0041414
    115.9661650              0.0102718
     47.1153690              0.0320443
     20.0894380              0.0535418
      8.8297390              0.1769091
      3.9426890              0.0027723
      1.7639150             -0.0114271
      0.7781490             -0.2347998
      0.3315040             -0.7208471
      0.1325480             -0.1053946
S   14   1.00
  73027.0995300              0.0000383
  13006.9357000              0.0002005
   3085.0052020              0.0014047
    902.4964980              0.0037305
    306.8769050              0.0221371
    115.9661650              0.0391419
     47.1153690              0.2552746
     20.0894380              0.1483682
      8.8297390              1.7475073
      3.9426890             -6.6378179
      1.7639150              9.3598719
      0.7781490             -7.8698604
      0.3315040              4.3366104
      0.1325480             -1.3031130
P   9   1.00
    151.4935990              0.0007849
     40.9598840              0.0049979
     14.4370110              0.0202203
      5.8532440              0.0609440
      2.5531790              0.1482631
      1.1595980              0.2664687
      0.5359910              0.3380250
      0.2429480              0.3013774
      0.1001280              0.1066869
P   9   1.00
    151.4935990              0.0009649
     40.9598840              0.0063252
     14.4370110              0.0245752
      5.8532440              0.0719775
      2.5531790              0.2075766
      1.1595980              0.5333245
      0.5359910              0.1666043
      0.2429480             -0.2891042
      0.1001280             -0.5962573
P   9   1.00
    151.4935990              0.0009711
     40.9598840              0.0051626
     14.4370110              0.0313528
      5.8532440              0.0797138
      2.5531790              0.3206150
      1.1595980             -0.0193576
      0.5359910             -0.4467757
      0.2429480             -1.0683885
      0.1001280              0.7740810
P   9   1.00
    151.4935990              0.0019623
     40.9598840              0.0124144
     14.4370110              0.0572131
      5.8532440              0.1516525
      2.5531790              0.6320457
      1.1595980              0.2871281
      0.5359910             -1.1301084
      0.2429480              1.0059492
      0.1001280              0.2365135
P   9   1.00
    151.4935990              0.0025342
     40.9598840              0.0246474
     14.4370110              0.0896323
      5.8532440              0.5068839
      2.5531790              0.5466463
      1.1595980             -1.7617266
      0.5359910              0.4187190
      0.2429480              1.0606578
      0.1001280             -1.0496217
P   9   1.00
    151.4935990              0.0027234
     40.9598840              0.0582632
     14.4370110              0.1107707
      5.8532440              1.2759314
      2.5531790             -1.6618307
      1.1595980             -0.1759612
      0.5359910              2.4448227
      0.2429480             -2.5538779
      0.1001280              1.2382259
D   6   1.00
     11.6127850              0.0045945
      5.3516530              0.0174850
      2.4662640              0.1039199
      1.1365570              0.3706659
      0.5237720              0.4293648
      0.2413760              0.2558191
D   6   1.00
     11.6127850              0.0145199
      5.3516530              0.0113978
      2.4662640              0.4486872
      1.1365570              0.6116770
      0.5237720             -0.4212453
      0.2413760             -0.5609551
D   6   1.00
     11.6127850              0.0139037
      5.3516530              0.1321068
      2.4662640              1.0919147
      1.1365570             -0.9317957
      0.5237720             -0.6213047
      0.2413760              0.9619741
D   6   1.00
     11.6127850             -0.0252998
      5.3516530              0.9375907
      2.4662640             -0.0998306
      1.1365570             -1.6591635
      0.5237720              2.3240839
      0.2413760             -1.3143539
D   6   1.00
     11.6127850              0.2473250
      5.3516530              1.4591794
      2.4662640             -3.0755178
      1.1365570              3.3378828
      0.5237720             -2.4749749
      0.2413760              1.0393291
F   5   1.00
      5.4197990              0.0128578
      2.7459560              0.0856351
      1.3912460              0.4023064
      0.7048790              0.4330234
      0.3571290              0.2311218
F   5   1.00
      5.4197990              0.0033787
      2.7459560              0.4740617
      1.3912460              0.6037902
      0.7048790             -0.4607165
      0.3571290             -0.5287827
F   5   1.00
      5.4197990              0.1118789
      2.7459560              1.2038853
      1.3912460             -1.1203345
      0.7048790             -0.4242515
      0.3571290              0.8926499
F   5   1.00
      5.4197990              0.8071203
      2.7459560              0.0844201
      1.3912460             -1.8602623
      0.7048790              2.5404829
      0.3571290             -1.4455199
G   4   1.00
      5.6984460             -0.0016583
      2.7341990              0.1716381
      1.3119100              0.5533826
      0.6294740              0.4179189
G   4   1.00
      5.6984460             -0.0034968
      2.7341990              0.7334816
      1.3119100              0.2720833
      0.6294740             -0.8819862
G   4   1.00
      5.6984460              0.2586064
      2.7341990              1.0531613
      1.3119100             -1.7870284
      0.6294740              1.1226791
H   4   1.00
      6.4878630             -0.0082800
      3.0686020              0.1802577
      1.4513740              0.6512533
      0.6864650              0.3238179
H   4   1.00
      6.4878630             -0.0279597
      3.0686020              0.7981503
      1.4513740              0.0952574
      0.6864650             -0.7837445
I   3   1.00
      3.7957260              0.0977743
      1.9903220              0.5399797
      1.0436430              0.4924450
****
