! FANO-6Z - Frozen Atomic Natural Orbital- Hextuple Zeta basis sets
! 
! Please cite
! Daniel Claudino and Rodney J. Bartlett The Journal of Chemical Physics 149, 064105 (2018); https://doi.org/10.1063/1.5039741
! 
****
NE    0
S   15   1.00
      0.3813162              0.0000060
     -0.3396719              0.0000444
      0.2827109              0.0002417
     -0.1381563              0.0010000
      0.0499685              0.0034590
    395.0140650              0.0103561
    157.9071280              0.0267234
     66.7089680              0.0555949
     29.3859170              0.0789827
     13.3753880              0.0422173
      6.2357970             -0.0017200
      2.9415450              0.1471930
      1.3766260              0.3570628
      0.6196670              0.3867597
      0.2561770              0.1213689
S   15   1.00
      0.3813162              0.0000193
     -0.3396719              0.0001414
      0.2827109              0.0007706
     -0.1381563              0.0031929
      0.0499685              0.0110989
    395.0140650              0.0336184
    157.9071280              0.0893099
     66.7089680              0.1987778
     29.3859170              0.3397089
     13.3753880              0.3630114
      6.2357970              0.1569515
      2.9415450             -0.0733168
      1.3766260             -0.2092729
      0.6196670             -0.2287789
      0.2561770             -0.0717236
S   15   1.00
      0.3813162              0.0000056
     -0.3396719              0.0000417
      0.2827109              0.0002280
     -0.1381563              0.0009473
      0.0499685              0.0033133
    395.0140650              0.0102119
    157.9071280              0.0281995
     66.7089680              0.0682897
     29.3859170              0.1388583
     13.3753880              0.2229754
      6.2357970              0.1144365
      2.9415450             -0.7880665
      1.3766260             -0.8584651
      0.6196670              0.8114020
      0.2561770              0.5983191
S   15   1.00
      0.3813162              0.0000076
     -0.3396719              0.0000566
      0.2827109              0.0002948
     -0.1381563              0.0013087
      0.0499685              0.0042098
    395.0140650              0.0146090
    157.9071280              0.0358912
     66.7089680              0.1070583
     29.3859170              0.1800459
     13.3753880              0.4933238
      6.2357970             -0.4466008
      2.9415450             -2.2557566
      1.3766260              2.4163291
      0.6196670              0.4918849
      0.2561770             -1.2330442
S   15   1.00
      0.3813162              0.0000089
     -0.3396719              0.0000753
      0.2827109              0.0003171
     -0.1381563              0.0018445
      0.0499685              0.0040793
    395.0140650              0.0225417
    157.9071280              0.0314571
     66.7089680              0.1910701
     29.3859170              0.1271442
     13.3753880              1.3013536
      6.2357970             -4.0734988
      2.9415450              2.7459016
      1.3766260              1.7825760
      0.6196670             -3.7552523
      0.2561770              1.9363090
S   15   1.00
      0.3813162              0.0000143
     -0.3396719              0.0000510
      0.2827109              0.0006520
     -0.1381563              0.0006377
      0.0499685              0.0119547
    395.0140650             -0.0000893
    157.9071280              0.1395794
     66.7089680             -0.0485569
     29.3859170              1.1298143
     13.3753880             -0.8259458
      6.2357970             -3.9263363
      2.9415450              9.2275782
      1.3766260             **********
      0.6196670              6.6165781
      0.2561770             -2.2024503
S   15   1.00
      0.3813162              0.0000259
     -0.3396719              0.0000565
      0.2827109              0.0012876
     -0.1381563             -0.0000259
      0.0499685              0.0253750
    395.0140650             -0.0172729
    157.9071280              0.3390710
     66.7089680             -0.2820009
     29.3859170              3.3780441
     13.3753880             -9.7109637
      6.2357970             13.6725893
      2.9415450             **********
      1.3766260              8.7904861
      0.6196670             -4.2735539
      0.2561770              1.1762044
P   10   1.00
    559.2593190              0.0003400
    135.6639700              0.0029286
     42.9895110              0.0150294
     16.7591690              0.0480856
      7.5268760              0.1115451
      3.6452530              0.1968886
      1.7903200              0.2764962
      0.8470070              0.3118089
      0.3722610              0.2424364
      0.1495940              0.0701359
P   10   1.00
    559.2593190              0.0004685
    135.6639700              0.0040561
     42.9895110              0.0211445
     16.7591690              0.0685502
      7.5268760              0.1757668
      3.6452530              0.3661835
      1.7903200              0.3293516
      0.8470070             -0.2027774
      0.3722610             -0.5703669
      0.1495940             -0.2371252
P   10   1.00
    559.2593190              0.0007526
    135.6639700              0.0064566
     42.9895110              0.0370647
     16.7591690              0.1192941
      7.5268760              0.3917441
      3.6452530              0.5582539
      1.7903200             -0.6599558
      0.8470070             -0.7888116
      0.3722610              0.5026906
      0.1495940              0.4654239
P   10   1.00
    559.2593190              0.0012309
    135.6639700              0.0101954
     42.9895110              0.0674136
     16.7591690              0.2460211
      7.5268760              0.8870966
      3.6452530             -0.7266275
      1.7903200             -1.2732429
      0.8470070              1.5366051
      0.3722610              0.0510845
      0.1495940             -0.7094217
P   10   1.00
    559.2593190              0.0010032
    135.6639700              0.0188339
     42.9895110              0.0688799
     16.7591690              0.5717627
      7.5268760              0.6718133
      3.6452530             -2.9572772
      1.7903200              2.8141795
      0.8470070             -0.3935554
      0.3722610             -1.3468116
      0.1495940              1.0729276
P   10   1.00
    559.2593190             -0.0001741
    135.6639700              0.0398767
     42.9895110              0.0304761
     16.7591690              1.4029807
      7.5268760             -2.1651130
      3.6452530              0.3094457
      1.7903200              2.6352912
      0.8470070             -3.9892919
      0.3722610              3.1784833
      0.1495940             -1.3661535
D   7   1.00
     24.3527310              0.0071428
     12.1763050              0.0147651
      6.0881220              0.0888768
      3.0440460              0.2687899
      1.5220150              0.4265921
      0.7610040              0.2706438
      0.3805000              0.1206928
D   7   1.00
     24.3527310              0.0127802
     12.1763050              0.0354925
      6.0881220              0.2836045
      3.0440460              0.6092115
      1.5220150             -0.0582163
      0.7610040             -0.4892836
      0.3805000             -0.3628689
D   7   1.00
     24.3527310              0.0289871
     12.1763050              0.0745356
      6.0881220              0.8771029
      3.0440460             -0.1182192
      1.5220150             -1.1087533
      0.7610040              0.2994153
      0.3805000              0.6302603
D   7   1.00
     24.3527310              0.0088734
     12.1763050              0.5384219
      6.0881220              0.8324449
      3.0440460             -2.2397139
      1.5220150              1.3307785
      0.7610040              0.5947456
      0.3805000             -0.9421247
D   7   1.00
     24.3527310             -0.0288193
     12.1763050              1.7033507
      6.0881220             -2.2994936
      3.0440460              0.6277204
      1.5220150              1.6669520
      0.7610040             -2.5685872
      0.3805000              1.4340008
F   6   1.00
     17.4142900              0.0028073
      9.0364810              0.0232413
      4.6891370              0.1695354
      2.4332490              0.4502965
      1.2626420              0.3596594
      0.6552000              0.1694517
F   6   1.00
     17.4142900              0.0208101
      9.0364810              0.1079433
      4.6891370              0.6112617
      2.4332490              0.2457204
      1.2626420             -0.4189025
      0.6552000             -0.5001937
F   6   1.00
     17.4142900              0.0064633
      9.0364810              0.5082257
      4.6891370              0.6766816
      2.4332490             -1.1854159
      1.2626420             -0.1126709
      0.6552000              0.8094097
F   6   1.00
     17.4142900              0.0737290
      9.0364810              1.3156739
      4.6891370             -1.4635121
      2.4332490             -0.2383879
      1.2626420              1.6520638
      0.6552000             -1.1968513
G   6   1.00
     18.0846440              0.0027009
      9.6931730              0.0249247
      5.1954360              0.1717319
      2.7846970              0.4522423
      1.4925680              0.3597383
      0.8000000              0.1834217
G   6   1.00
     18.0846440              0.0097997
      9.6931730              0.0954348
      5.1954360              0.6464149
      2.7846970              0.2419666
      1.4925680             -0.4852367
      0.8000000             -0.4148095
G   6   1.00
     18.0846440             -0.0110789
      9.6931730              0.5221319
      5.1954360              0.6482001
      2.7846970             -1.2244996
      1.4925680              0.0579629
      0.8000000              0.6995912
H   5   1.00
     17.2152620              0.0037185
      8.9476410              0.0371533
      4.6505410              0.3535575
      2.4171210              0.5111344
      1.2563000              0.2721948
H   5   1.00
     17.2152620             -0.0064077
      8.9476410              0.2701597
      4.6505410              0.7370057
      2.4171210             -0.2761441
      1.2563000             -0.6214378
I   4   1.00
     12.5796260              0.0056179
      6.5362290              0.2229543
      3.3961490              0.5566342
      1.7646000              0.3817690
****
