! FANO-5Z - Frozen Atomic Natural Orbital- Pentuple Zeta basis sets
! 
! Please cite
! Daniel Claudino and Rodney J. Bartlett The Journal of Chemical Physics 149, 064105 (2018); https://doi.org/10.1063/1.5039741
! 
B:FANO-5Z
GITHUB.COM/DANCLAUDINO

  6
    0    1    2    3    4    5
    6    5    4    3    2    1
   14    8    6    4    3    3
 
  33713.209090   5944.146955   1398.446548    408.484003    139.722431
     53.415177     22.006256      9.501440      4.209690      1.883797
      0.840951      0.370584      0.159543      0.066311
 
 0.0000969  0.0000139  0.0000083  0.0000056  0.0000016  0.0000043
 0.0006365  0.0000911  0.0000551  0.0000378  0.0000075  0.0000213
 0.0033100  0.0004742  0.0002838  0.0001899  0.0000627  0.0001622
 0.0130585  0.0018794  0.0011410  0.0007926  0.0001285  0.0003753
 0.0427378  0.0062080  0.0037074  0.0024784  0.0010291  0.0025205
 0.1186584  0.0176819  0.0108965  0.0079301  0.0011992  0.0029735
 0.2776099  0.0434925  0.0262823  0.0186310  0.0119650  0.0249987
 0.5176670  0.0907642  0.0581135  0.0460571  0.0022251  0.0034647
 0.6781401  0.1565133  0.0942056  0.0640337  0.0506220  0.1238873
 0.4191816  0.1792387  0.1469322  0.1236577 -0.0671861 -0.1554345
 0.0534040 -0.0423788 -0.1951643 -0.5732022 -0.3807379 -0.2350930
-0.0088276 -0.5007890 -0.7628532  0.1117650  0.7660287  0.6308921
-0.0174374 -0.7622621  0.2901479  0.6182322 -0.4494901 -0.6662512
-0.0066536 -0.3150608  0.5109936 -0.5047843  0.2428375  0.2503106
 
     55.598515     12.595726      3.925244      1.412737      0.552442
      0.232711      0.103776      0.044888
 
 0.0020086  0.0017813  0.0007913  0.0008323  0.0014366
 0.0156263  0.0137498  0.0062494  0.0102565  0.0153413
 0.0646204  0.0506776  0.0222719  0.0239363  0.0619005
 0.2075692  0.1544731  0.0758263  0.1772710  0.3100402
 0.4700048  0.6015101  0.4156673  0.3098986 -0.2031558
 0.6433904  0.7335476 -0.0099973 -0.2235486 -0.4307291
 0.5388558  0.2341586 -0.1827261 -0.6317913  0.7294553
 0.1651352 -0.1365318 -0.8873819  0.6501729 -0.3753679
 
      3.645515      1.744954      0.835235      0.399792      0.191363
      0.091598
 
 0.0122038 -0.0062663 -0.0030301  0.0142138
 0.0373810 -0.0248672  0.2398938  0.5379636
 0.2651468  0.6625073  0.4638478 -0.6745695
 0.6768987  0.3301854 -0.7765023  0.1842859
 0.6321608 -0.5769520  0.0756739  0.3327475
 0.2652015 -0.3442825  0.3443902 -0.3326665
 
      1.756892      0.887275      0.448097      0.226300
 
 0.0199075  0.0451652  0.2752121
 0.3881118  0.7283662  0.2219136
 0.6792141  0.0065425 -0.7690895
 0.6226084 -0.6836666  0.5324603
 
      1.610409      0.733241      0.333855
 
 0.0740100  0.3279602
 0.7652107  0.5387527
 0.6395116 -0.7760075
 
      1.713760      0.847474      0.419086
 
 0.0708755
 0.7968586
 0.5999942
 
