! FANO-5Z - Frozen Atomic Natural Orbital- Pentuple Zeta basis sets
! 
! Please cite
! Daniel Claudino and Rodney J. Bartlett The Journal of Chemical Physics 149, 064105 (2018); https://doi.org/10.1063/1.5039741
! 
C:FANO-5Z
GITHUB.COM/DANCLAUDINO

  6
    0    1    2    3    4    5
    6    5    4    3    2    1
   14    8    6    5    4    3
 
  50386.751090   8819.237363   2086.732156    612.879587    209.423402
     79.386377     32.275283     13.749178      6.038585      2.700522
      1.215047      0.541838      0.234443      0.095425
 
 0.0000934  0.0000139  0.0000086  0.0000056  0.0000030  0.0000069
 0.0006154  0.0000915  0.0000568  0.0000375  0.0000141  0.0000349
 0.0031621  0.0004703  0.0002901  0.0001910  0.0001145  0.0002572
 0.0124403  0.0018585  0.0011585  0.0007690  0.0002335  0.0006072
 0.0411252  0.0062066  0.0038228  0.0025366  0.0018058  0.0039096
 0.1168228  0.0181043  0.0114048  0.0077970  0.0018132  0.0047464
 0.2802431  0.0459208  0.0285736  0.0202159  0.0187119  0.0369240
 0.5308248  0.0984414  0.0638623  0.0468917  0.0021735  0.0093001
 0.6810579  0.1698311  0.1078515  0.0828557  0.1134263  0.2298326
 0.3969034  0.1770090  0.1442426  0.0908409 -0.1771451 -0.3263304
 0.0455190 -0.0838538 -0.2565399 -0.6064234 -0.2431160 -0.0037104
-0.0125534 -0.5308223 -0.7290224  0.1916865  0.6903571  0.3989895
-0.0226724 -0.7427827  0.3065725  0.5794554 -0.5943428 -0.7957839
-0.0083165 -0.2951711  0.5208148 -0.4918800  0.2577808  0.2161458
 
     83.151321     19.592449      6.047625      2.189224      0.870064
      0.364805      0.156241      0.065455
 
 0.0021274  0.0018118  0.0009433  0.0011754  0.0014689
 0.0166142  0.0138614  0.0080271  0.0127233  0.0149206
 0.0734270  0.0555838  0.0332357  0.0435256  0.0699237
 0.2282381  0.1654087  0.1298832  0.2318902  0.3041191
 0.4839788  0.6371340  0.3887214  0.2680426 -0.2265282
 0.6479795  0.6241665 -0.1875256 -0.2856108 -0.3986376
 0.5172421  0.1099289 -0.5998300 -0.5382131  0.7280844
 0.1434680 -0.4021779 -0.6602228  0.7078669 -0.4025712
 
      5.236013      2.579144      1.270429      0.625785      0.308248
      0.151836
 
 0.0170162  0.0131308  0.0034995  0.0468010
 0.0514396  0.0619977  0.2947006  0.4907491
 0.2818154  0.6803413  0.3915393 -0.6823580
 0.6665221  0.2815682 -0.7726300  0.1695145
 0.6067801 -0.5274367  0.0312748  0.3793566
 0.3243620 -0.4191055  0.4023692 -0.3445516
 
      4.800000      2.400000      1.200000      0.600000      0.300000
 
 0.0110905 -0.0204378 -0.0290747
 0.0482436  0.2264658  0.5126146
 0.4945979  0.7098712 -0.1044299
 0.7089697 -0.1819649 -0.6347047
 0.5002843 -0.6413011  0.5680011
 
      2.955524      1.502879      0.764211      0.388600
 
 0.0174571  0.1049500
 0.4512965  0.7909388
 0.7939631 -0.2680202
 0.4070004 -0.5399690
 
      3.192327      1.425579      0.636612
 
 0.0235975
 0.6977855
 0.7159180
 
