! FANO-5Z - Frozen Atomic Natural Orbital- Pentuple Zeta basis sets
! 
! Please cite
! Daniel Claudino and Rodney J. Bartlett The Journal of Chemical Physics 149, 064105 (2018); https://doi.org/10.1063/1.5039741
! 
F:FANO-5Z
GITHUB.COM/DANCLAUDINO

  6
    0    1    2    3    4    5
    6    5    4    3    2    1
   14   10    7    6    5    5
 
 121062.945500  19158.181820   4354.827393   1271.994551    439.628112
    169.588390     70.202116     30.413136     13.573606      6.170823
      2.824181      1.279087      0.557780      0.224436
 
 0.0000921  0.0000148  0.0000089  0.0000055  0.0000035  0.0000021
 0.0006883  0.0001105  0.0000670  0.0000412  0.0000187  0.0000147
 0.0036045  0.0005792  0.0003495  0.0002166  0.0001532  0.0000852
 0.0140176  0.0022640  0.0013758  0.0008467  0.0002965  0.0002924
 0.0451112  0.0073734  0.0044466  0.0027901  0.0023845  0.0012003
 0.1248795  0.0210451  0.0128938  0.0080918  0.0017132  0.0029541
 0.2935847  0.0527382  0.0320670  0.0213527  0.0230761  0.0118761
 0.5464534  0.1130121  0.0710594  0.0474612  0.0000840  0.0164431
 0.6745756  0.1893789  0.1218620  0.0986591  0.1671988  0.0964871
 0.3736873  0.1697355  0.1347683  0.0603676 -0.3154962 -0.4106078
 0.0420379 -0.1370043 -0.3297330 -0.6838183 -0.0841218  0.6265843
-0.0150644 -0.5650205 -0.6910919  0.4014076  0.6150290 -0.5663356
-0.0243646 -0.7156708  0.3843896  0.4133813 -0.6409483  0.3133214
-0.0086441 -0.2628052  0.4760611 -0.4292086  0.2753427 -0.1007750
 
    354.594487     94.058585     32.292988     13.380424      6.232206
      3.052498      1.485040      0.688077      0.297126      0.120061
 
 0.0008764  0.0007646  0.0006986  0.0007699  0.0004976
 0.0061813  0.0054083  0.0051621  0.0047686  0.0033914
 0.0274322  0.0243714  0.0246353  0.0285558  0.0213870
 0.0802137  0.0710079  0.0769198  0.0708621  0.0748922
 0.1847667  0.1787299  0.2260825  0.3080027  0.2747893
 0.3439764  0.4091166  0.4071483  0.0816343 -0.3660997
 0.5135391  0.4547729 -0.4005649 -0.4694022 -0.4830475
 0.5983117 -0.2073505 -0.6134015  0.2443834  0.6252667
 0.4515944 -0.6699464  0.1589883  0.6257784 -0.3969591
 0.1211566 -0.3104392  0.4632228 -0.4700529 -0.0501394
 
     15.937332      8.164929      4.183013      2.143019      1.097900
      0.562470      0.288162
 
 0.0171498  0.0199395  0.0222081  0.0065959
 0.0313011  0.0553829  0.1047391  0.2783642
 0.1939332  0.4055435  0.6052508  0.0803024
 0.5010858  0.6296390 -0.3316672 -0.6996716
 0.7080913 -0.1992590 -0.5689714  0.5940956
 0.4188931 -0.5229877  0.2442905  0.0466023
 0.1821107 -0.3498630  0.3588852 -0.2671324
 
     15.500222      7.879849      4.005879      2.036469      1.035280
      0.526305
 
 0.0039473  0.0144103 -0.0013635
 0.0299023  0.0678401  0.2205923
 0.2237411  0.6060118  0.4959888
 0.6923604  0.3786984 -0.6538795
 0.6017837 -0.4397694 -0.1597839
 0.3279080 -0.5395648  0.5022380
 
     10.316731      5.291796      2.714338      1.392275      0.714144
 
 0.0148234  0.0150274
 0.1352926  0.4560306
 0.6339900  0.5809966
 0.6768477 -0.4469502
 0.3484394 -0.5044688
 
     10.793266      6.023068      3.361109      1.875631      1.046676
 
 0.0112216
 0.0990360
 0.5990200
 0.6689875
 0.4285985
 
