! FANO-5Z - Frozen Atomic Natural Orbital- Pentuple Zeta basis sets
! 
! Please cite
! Daniel Claudino and Rodney J. Bartlett The Journal of Chemical Physics 149, 064105 (2018); https://doi.org/10.1063/1.5039741
! 
H:FANO-5Z
GITHUB.COM/DANCLAUDINO

  5
    0    1    2    3    4
    5    4    3    2    1
    9    5    4    3    2
 
    837.356579    123.458805     27.680014      7.844351      2.563517
      0.933097      0.373153      0.159317      0.067056
 
 0.0000942  0.0001050  0.0000941 -0.0000518  0.0000078
 0.0007550  0.0008261  0.0006984  0.0000389 -0.0002103
 0.0039564  0.0045649  0.0044199 -0.0038174  0.0009415
 0.0161511  0.0192329  0.0217301  0.0105325 -0.0242336
 0.0524165  0.0888390  0.1832408 -0.3119156 -0.0610713
 0.1187161  0.3472684 -0.1772017  1.2816372  1.1164797
 0.2019413  0.0661802 -0.6766767 -1.2109460 -0.1846096
 0.1760460 -0.4252670  0.4743323  0.2471218 -0.2048759
 0.0363439 -0.1033785  0.1655691  0.2423234 -0.0094183
 
      5.331873      2.436701      1.113589      0.508917      0.232579
 
 0.0074645  0.0149812  0.0159255  0.1637444
 0.0156054  0.1100637  0.3714126  0.7608636
 0.1322438  0.3659117 -0.3364789 -0.5491847
 0.2287702 -0.0510704 -0.5567565 -0.4113110
 0.1881628 -0.4114908  0.6165746  0.2775380

      4.548996      2.057159      0.930294      0.420700

 0.0011829  0.0191003  0.0501292
 0.0311443  0.2694641  0.3993087
 0.1131471  0.2251466  0.2281097
 0.1353299 -0.5116127 -0.1250076

      3.332879      1.460380      0.639900

 0.0043026  0.0287733
 0.0410083  0.0804879
 0.0703727 -0.1160726

      3.144784      1.146100

 0.0051647
 0.0345248

