! FANO-5Z - Frozen Atomic Natural Orbital- Pentuple Zeta basis sets
! 
! Please cite
! Daniel Claudino and Rodney J. Bartlett The Journal of Chemical Physics 149, 064105 (2018); https://doi.org/10.1063/1.5039741
! 
HE:FANO-5Z
GITHUB.COM/DANCLAUDINO

  5
    0    1    2    3    4
    5    4    3    2    1
   10    6    5    4    3
 
   4830.039864    729.242971    162.927888     46.500237     15.381158
      5.557872      2.123589      0.843040      0.342850      0.139687
 
 0.0001051  0.0000824  0.0000596  0.0000589  0.0000620
 0.0008274  0.0006520  0.0005441  0.0002074 -0.0000786
 0.0043958  0.0034762  0.0024209  0.0032522  0.0042227
 0.0177745  0.0146714  0.0144866  0.0053563 -0.0019854
 0.0604393  0.0561758  0.0623797  0.1341775  0.2244187
 0.1727267  0.2230841  0.3977541  0.2763735 -0.2705803
 0.3838561  0.5782693  0.0802949 -0.7578268 -0.0807134
 0.6199012  0.2023253 -0.8235630  0.4856701  0.5393208
 0.6227484 -0.6774590  0.2584255  0.1521856 -0.6777018
 0.2161898 -0.3355122  0.2935940 -0.2687700  0.3460339
 
     24.318374     10.335490      4.392660      1.866913      0.793452
      0.337223
 
 0.0056512  0.0148219  0.0184429  0.0222718
 0.0220451  0.0588850  0.1847055  0.4018845
 0.1359837  0.4676164  0.5239311 -0.3536294
 0.5465516  0.5678715 -0.6974934 -0.2577398
 0.7619289 -0.5053722 -0.1063496  0.6715268
 0.3189612 -0.4469548  0.4395824 -0.4422228
 
     16.140882      7.002248      3.037720      1.317826      0.571700
 
 0.0080042  0.0171921  0.0505532
 0.0540712  0.2636389  0.5513359
 0.4435463  0.7255774 -0.2445760
 0.8011998 -0.2931458 -0.5373863
 0.3979420 -0.5637392  0.5872577
 
     12.739320      5.111029      2.050550      0.822683
 
 0.0057181  0.0494365
 0.2433377  0.6977833
 0.8556312  0.0872400
 0.4567815 -0.7092557
 
      9.637522      3.755854      1.463700
 
 0.0385431
 0.6250740
 0.7796133
 
