! FANO-5Z - Frozen Atomic Natural Orbital- Pentuple Zeta basis sets
! 
! Please cite
! Daniel Claudino and Rodney J. Bartlett The Journal of Chemical Physics 149, 064105 (2018); https://doi.org/10.1063/1.5039741
! 
N:FANO-5Z
GITHUB.COM/DANCLAUDINO

  6
    0    1    2    3    4    5
    6    5    4    3    2    1
   14    9    6    5    4    4
 
  73027.099530  13006.935700   3085.005202    902.496498    306.876905
    115.966165     47.115369     20.089438      8.829739      3.942689
      1.763915      0.778149      0.331504      0.132548
 
 0.0000861  0.0000127  0.0000081  0.0000051  0.0000031  0.0000112
 0.0005565  0.0000824  0.0000530  0.0000337  0.0000146  0.0000688
 0.0028746  0.0004259  0.0002717  0.0001709  0.0001143  0.0003810
 0.0114056  0.0016970  0.0010962  0.0007019  0.0002531  0.0013824
 0.0380392  0.0057192  0.0036387  0.0022954  0.0017933  0.0052540
 0.1089295  0.0168171  0.0109600  0.0072233  0.0019871  0.0130314
 0.2648738  0.0432958  0.0276608  0.0183569  0.0180222  0.0406533
 0.5127249  0.0949091  0.0633387  0.0453765  0.0055392  0.0679263
 0.6836002  0.1687003  0.1091879  0.0799524  0.1150489  0.2244375
 0.4263029  0.1808815  0.1477906  0.0987852 -0.1482905  0.0035171
 0.0562035 -0.0795995 -0.2401707 -0.5748554 -0.2742488 -0.0144971
-0.0178354 -0.5388887 -0.7222937  0.1241837  0.6801476 -0.2978810
-0.0292326 -0.7343445  0.2466300  0.6272211 -0.6062603 -0.9145096
-0.0113544 -0.3026917  0.5666638 -0.4920451  0.2429943 -0.1337099
 
    151.493599     40.959884     14.437011      5.853244      2.553179
      1.159598      0.535991      0.242948      0.100128
 
 0.0014016  0.0010787  0.0006781  0.0011617  0.0010286
 0.0089248  0.0070709  0.0036050  0.0073493  0.0100040
 0.0361072  0.0274723  0.0218935  0.0338701  0.0363803
 0.1088272  0.0804627  0.0556637  0.0897781  0.2057360
 0.2647524  0.2320473  0.2238837  0.3741703  0.2218749
 0.4758313  0.5961968 -0.0135173  0.1699795 -0.7150564
 0.6036089  0.1862449 -0.3119810 -0.6690228  0.1699513
 0.5381675 -0.3231860 -0.7460498  0.5955207  0.4305039
 0.1905101 -0.6665486  0.5405365  0.1400157 -0.4260245
 
     11.612785      5.351653      2.466264      1.136557      0.523772
      0.241376
 
 0.0072799  0.0140505  0.0075519 -0.0077087
 0.0277046  0.0110294  0.0717550  0.2856783
 0.1646585  0.4341829  0.5930834 -0.0304178
 0.5873112  0.5919039 -0.5061133 -0.5055372
 0.6803181 -0.4076281 -0.3374673  0.7081345
 0.4053391 -0.5428216  0.5225050 -0.4004758
 
      5.419799      2.745956      1.391246      0.704879      0.357129
 
 0.0200737  0.0032494  0.0582117
 0.1336946  0.4559172  0.6263936
 0.6280859  0.5806804 -0.5829213
 0.6760417 -0.4430828 -0.2207423
 0.3608303 -0.5085438  0.4644547
 
      5.698446      2.734199      1.311910      0.629474
 
-0.0023213 -0.0029660
 0.2402588  0.6221452
 0.7746242  0.2307833
 0.5850023 -0.7481080
 
      6.487863      3.068602      1.451374      0.686465
 
-0.0110493
 0.2405468
 0.8690717
 0.4321221
 
