****
AL    0
S   15   1.00
 205502.9893830              0.0000271
  30780.4477530              0.0002108
   7006.1019150              0.0011048
   1985.0288760              0.0046089
    649.1094420              0.0161263
    235.0034190              0.0478193
     91.6213330              0.1147112
     37.6705480              0.2031349
     15.9102310              0.1932861
      5.8500850             -0.1002335
      2.5420370             -0.4925956
      1.0570150             -0.4885427
      0.2931040              0.0484623
      0.1455020              0.5207017
      0.0565010              0.2679458
S   15   1.00
 205502.9893830              0.0000419
  30780.4477530              0.0003259
   7006.1019150              0.0017072
   1985.0288760              0.0071038
    649.1094420              0.0247181
    235.0034190              0.0721155
     91.6213330              0.1668516
     37.6705480              0.2693278
     15.9102310              0.2178187
      5.8500850             -0.0328415
      2.5420370             -0.2364845
      1.0570150             -0.0922505
      0.2931040             -0.0796583
      0.1455020             -0.4218747
      0.0565010             -0.2282281
S   15   1.00
 205502.9893830              0.0000502
  30780.4477530              0.0003893
   7006.1019150              0.0020398
   1985.0288760              0.0084615
    649.1094420              0.0293038
    235.0034190              0.0839985
     91.6213330              0.1872705
     37.6705480              0.2693674
     15.9102310              0.1693646
      5.8500850              0.0923758
      2.5420370              0.2340250
      1.0570150              0.1598722
      0.2931040              0.0331302
      0.1455020              0.1304834
      0.0565010              0.0732549
S   15   1.00
 205502.9893830              0.0000030
  30780.4477530              0.0000230
   7006.1019150              0.0001214
   1985.0288760              0.0004921
    649.1094420              0.0016976
    235.0034190              0.0044268
     91.6213330              0.0085436
     37.6705480              0.0036731
     15.9102310             -0.0078766
      5.8500850              0.0232242
      2.5420370              0.0889315
      1.0570150             -0.2017920
      0.2931040              1.2549487
      0.1455020              0.2414156
      0.0565010             -0.8935288
S   15   1.00
 205502.9893830              0.0000015
  30780.4477530              0.0000122
   7006.1019150              0.0000556
   1985.0288760              0.0002734
    649.1094420              0.0007251
    235.0034190              0.0026992
     91.6213330              0.0026780
     37.6705480              0.0067310
     15.9102310             -0.0148787
      5.8500850              0.0426335
      2.5420370             -0.0730094
      1.0570150             -0.0097372
      0.2931040              0.8330500
      0.1455020             -0.6546179
      0.0565010              0.9893808
P   9   1.00
    444.4064650              0.0016399
    105.1015290              0.0131721
     33.4704870              0.0616902
     12.3301790              0.1894301
      4.8690710              0.3631141
      1.9610290              0.4128446
      0.7834110              0.1877203
      0.1888030             -0.0160857
      0.0555710             -0.0249567
P   9   1.00
    444.4064650              0.0001082
    105.1015290              0.0007331
     33.4704870              0.0039801
     12.3301790              0.0088834
      4.8690710              0.0234063
      1.9610290              0.0001946
      0.7834110              0.0605680
      0.1888030              0.5459253
      0.0555710              0.5251468
P   9   1.00
    444.4064650              0.0000287
    105.1015290             -0.0006021
     33.4704870              0.0014607
     12.3301790             -0.0129280
      4.8690710              0.0205232
      1.9610290             -0.1143257
      0.7834110              0.1645655
      0.1888030              1.0884620
      0.0555710             -1.1511736
P   9   1.00
    444.4064650              0.0000413
    105.1015290             -0.0059592
     33.4704870              0.0050730
     12.3301790             -0.1133652
      4.8690710              0.1294024
      1.9610290             -0.8071512
      0.7834110              1.6259845
      0.1888030             -0.2555581
      0.0555710              0.0745553
D   2   1.00
      0.1090020              0.6500937
      0.3330050              0.4658912
D   2   1.00
      0.1090020              0.8814708
      0.3330050             -1.2299836
F   1   1.00
      0.2440040              1.0000000
****
