****
AR    0
S   15   1.00
 545003.8765520              0.0000167
  81640.5807000              0.0001298
  18580.1321580              0.0006831
   5261.0374210              0.0028548
   1717.0122130              0.0102141
    619.9044090              0.0312120
    241.6017180              0.0812411
     99.7907100              0.1622295
     43.1503070              0.2174784
     19.1401360              0.0502510
      7.4880530             -0.4462700
      3.2050230             -0.6822738
      1.1960090              0.0144572
      0.5204040              0.5973993
      0.1954010              0.3121119
S   15   1.00
 545003.8765520              0.0000294
  81640.5807000              0.0002282
  18580.1321580              0.0011987
   5261.0374210              0.0050125
   1717.0122130              0.0177635
    619.9044090              0.0536813
    241.6017180              0.1337902
     99.7907100              0.2473299
     43.1503070              0.2727954
     19.1401360              0.0795754
      7.4880530             -0.2049550
      3.2050230             -0.1481968
      1.1960090             -0.0994040
      0.5204040             -0.4006847
      0.1954010             -0.2177478
S   15   1.00
 545003.8765520              0.0000336
  81640.5807000              0.0002608
  18580.1321580              0.0013675
   5261.0374210              0.0057177
   1717.0122130              0.0201218
    619.9044090              0.0601831
    241.6017180              0.1446673
     99.7907100              0.2477778
     43.1503070              0.2158897
     19.1401360              0.0841289
      7.4880530              0.1951033
      3.2050230              0.1921891
      1.1960090              0.0548645
      0.5204040              0.1450939
      0.1954010              0.0816764
S   15   1.00
 545003.8765520              0.0000024
  81640.5807000              0.0000178
  18580.1321580              0.0001026
   5261.0374210              0.0003740
   1717.0122130              0.0015288
    619.9044090              0.0034245
    241.6017180              0.0100544
     99.7907100              0.0022306
     43.1503070              0.0078711
     19.1401360             -0.0379061
      7.4880530              0.2021161
      3.2050230             -0.2901547
      1.1960090              0.9692567
      0.5204040              0.4844407
      0.1954010             -1.3209783
S   15   1.00
 545003.8765520              0.0000019
  81640.5807000              0.0000146
  18580.1321580              0.0000782
   5261.0374210              0.0003155
   1717.0122130              0.0011270
    619.9044090              0.0030290
    241.6017180              0.0066826
     99.7907100              0.0048900
     43.1503070             -0.0042735
     19.1401360             -0.0083639
      7.4880530              0.0581904
      3.2050230             -0.2405221
      1.1960090              1.2343700
      0.5204040             -0.6435414
      0.1954010              0.7317211
P   9   1.00
    761.8054190              0.0017230
    180.2012820              0.0138110
     57.5004090              0.0647035
     21.2401510              0.1896770
      8.3880600              0.3342531
      3.4160240              0.2492737
      1.2060090             -0.2258541
      0.4523030             -0.4943251
      0.1545010             -0.2832398
P   9   1.00
    761.8054190              0.0017769
    180.2012820              0.0142725
     57.5004090              0.0656915
     21.2401510              0.1905196
      8.3880600              0.3207622
      3.4160240              0.2625988
      1.2060090              0.1844478
      0.4523030              0.2585186
      0.1545010              0.1546820
P   9   1.00
    761.8054190              0.0000723
    180.2012820              0.0011618
     57.5004090              0.0032994
     21.2401510              0.0247822
      8.3880600              0.0153911
      3.4160240              0.0865131
      1.2060090             -0.8351524
      0.4523030             -0.0998857
      0.1545010              0.9519808
P   9   1.00
    761.8054190              0.0008316
    180.2012820              0.0052300
     57.5004090              0.0340305
     21.2401510              0.0805239
      8.3880600              0.2310964
      3.4160240             -0.1041467
      1.2060090             -1.4069447
      0.4523030              1.4029387
      0.1545010             -1.0835727
D   2   1.00
      0.4100030              0.6365626
      1.2540090              0.4807272
D   2   1.00
      0.4100030              0.9207016
      1.2540090             -1.2191618
F   1   1.00
      0.8900060              1.0000000
****
