!ANO-VT-TZ - Atomic Natural Orbital - Virial Theorem - Triple Zeta basis sets
!
! Please cite:
! Daniel Claudino, Ricardo Gargano, and Rodney J. Bartlett The Journal of Chemical Physics 144, 104106 (2016); https://doi.org/10.1063/1.4943275
! Daniel Claudino, Ricardo Gargano, and Rodney J. Bartlett The Journal of Chemical Physics 145, 019901 (2016); https://doi.org/10.1063/1.4954989
! 
****
B     0
S   10   1.00
   5473.6053310              0.0003557
    820.9907940              0.0027482
    186.8206610              0.0141000
     52.8358430              0.0546171
     17.0818890              0.1577129
      5.9996640              0.3063788
      2.2082440              0.3072575
      0.5879650             -0.0942946
      0.2415270             -0.5535041
      0.0861100             -0.3415642
S   10   1.00
   5473.6053310              0.0004508
    820.9907940              0.0034822
    186.8206610              0.0177937
     52.8358430              0.0682686
     17.0818890              0.1912315
      5.9996640              0.3395243
      2.2082440              0.2347221
      0.5879650              0.0861006
      0.2415270              0.2593198
      0.0861100              0.1716769
S   10   1.00
   5473.6053310              0.0000874
    820.9907940              0.0006965
    186.8206610              0.0033298
     52.8358430              0.0130757
     17.0818890              0.0274596
      5.9996640              0.0340672
      2.2082440             -0.1183042
      0.5879650              0.8205528
      0.2415270              0.5984645
      0.0861100             -1.2572887
S   10   1.00
   5473.6053310              0.0000574
    820.9907940              0.0003936
    186.8206610              0.0022662
     52.8358430              0.0055847
     17.0818890              0.0137764
      5.9996640             -0.0449321
      2.2082440             -0.1184564
      0.5879650              1.3299998
      0.2415270             -0.6606176
      0.0861100              0.5638491
P   5   1.00
     12.0513330              0.0132186
      2.6132890              0.0774213
      0.7475830              0.2849163
      0.2385260              0.5228387
      0.0769890              0.3242240
P   5   1.00
     12.0513330              0.0092252
      2.6132890             -0.0214961
      0.7475830              0.4537659
      0.2385260              0.4608433
      0.0769890             -1.1371449
P   5   1.00
     12.0513330              0.0350307
      2.6132890              0.2458431
      0.7475830              1.1303385
      0.2385260             -0.7434255
      0.0769890              0.1454035
D   2   1.00
      0.6610730              0.4152168
      0.1990220              0.7092437
D   2   1.00
      0.6610730              1.1973651
      0.1990220             -0.7009806
F   1   1.00
      0.4900540              1.0000000
****
