****
BE    0
S   11   1.00
   6863.2813860              0.0001498
   1030.0422300              0.0011588
    234.7096230              0.0060067
     66.5627290              0.0241779
     21.6908890              0.0772031
      7.7343170              0.1852548
      2.9161200              0.3034055
      1.1300460              0.2501072
      0.2577110             -0.2004110
      0.1101050             -0.5517752
      0.0440920             -0.2322747
S   11   1.00
   6863.2813860              0.0001934
   1030.0422300              0.0014967
    234.7096230              0.0077397
     66.5627290              0.0310575
     21.6908890              0.0977645
      7.7343170              0.2281726
      2.9161200              0.3341935
      1.1300460              0.1784897
      0.2577110              0.1185373
      0.1101050              0.2639755
      0.0440920              0.1172894
S   11   1.00
   6863.2813860              0.0000291
   1030.0422300              0.0002485
    234.7096230              0.0010905
     66.5627290              0.0051653
     21.6908890              0.0100991
      7.7343170              0.0284733
      2.9161200             -0.0383360
      1.1300460             -0.0732732
      0.2577110              1.4841383
      0.1101050             -0.3077786
      0.0440920             -0.6517466
S   11   1.00
   6863.2813860             -0.0000142
   1030.0422300              0.0000350
    234.7096230             -0.0009433
     66.5627290              0.0019840
     21.6908890             -0.0228381
      7.7343170              0.0249646
      2.9161200             -0.2185543
      1.1300460              0.2771477
      0.2577110              0.4192313
      0.1101050             -0.6690437
      0.0440920              1.2530561
P   5   1.00
      7.4363050              0.0110227
      1.5770650              0.0478929
      0.4352180              0.2972681
      0.1438060              0.6586223
      0.0499420              0.1351100
P   5   1.00
      7.4363050              0.0364851
      1.5770650              0.6353991
      0.4352180             -1.6588292
      0.1438060              0.6728166
      0.0499420              0.1417490
P   5   1.00
      7.4363050              0.0006128
      1.5770650              0.2517293
      0.4352180              0.0773608
      0.1438060             -0.2829040
      0.0499420              1.1195852
D   2   1.00
      0.3480140              0.2285608
      0.1803070              0.8020644
D   2   1.00
      0.3480140              1.2825321
      0.1803070             -0.3654776
F   1   1.00
      0.3250130              1.0000000
****
