!ANO-VT-TZ - Atomic Natural Orbital - Virial Theorem - Triple Zeta basis sets
!
! Please cite:
! Daniel Claudino, Ricardo Gargano, and Rodney J. Bartlett The Journal of Chemical Physics 144, 104106 (2016); https://doi.org/10.1063/1.4943275
! Daniel Claudino, Ricardo Gargano, and Rodney J. Bartlett The Journal of Chemical Physics 145, 019901 (2016); https://doi.org/10.1063/1.4954989
! 
****
C     0
S   10   1.00
   8236.6177120              0.0003441
   1235.0926270              0.0026615
    280.8210600              0.0136979
     79.2759450              0.0536039
     25.5919190              0.1572572
      8.9976750              0.3118689
      3.3192490              0.3120195
      0.9059680             -0.1142640
      0.3643270             -0.5402732
      0.1285100             -0.3422075
S   10   1.00
   8236.6177120              0.0004263
   1235.0926270              0.0032953
    280.8210600              0.0169007
     79.2759450              0.0653850
     25.5919190              0.1858719
      8.9976750              0.3334619
      3.3192490              0.2345137
      0.9059680              0.0991551
      0.3643270              0.2571345
      0.1285100              0.1750152
S   10   1.00
   8236.6177120              0.0000779
   1235.0926270              0.0006168
    280.8210600              0.0030015
     79.2759450              0.0117379
     25.5919190              0.0263563
      8.9976750              0.0317734
      3.3192490             -0.0942339
      0.9059680              0.6593277
      0.3643270              0.7068093
      0.1285100             -1.3789427
S   10   1.00
   8236.6177120              0.0000611
   1235.0926270              0.0004247
    280.8210600              0.0024117
     79.2759450              0.0063301
     25.5919190              0.0154267
      8.9976750             -0.0510822
      3.3192490             -0.1295388
      0.9059680              1.4527158
      0.3643270             -0.6427303
      0.1285100              0.3731848
P   5   1.00
     18.7114030              0.0141162
      4.1333100              0.0861531
      1.2000900              0.2939949
      0.3827290              0.5041039
      0.1209090              0.3360332
P   5   1.00
     18.7114030              0.0166266
      4.1333100              0.0570935
      1.2000900              0.5524017
      0.3827290              0.3408035
      0.1209090             -1.0098918
P   5   1.00
     18.7114030              0.0406694
      4.1333100              0.3226447
      1.2000900              1.0793496
      0.3827290             -0.8913972
      0.1209090              0.3084888
D   2   1.00
      1.0970820              0.3971187
      0.3180240              0.7306328
D   2   1.00
      1.0970820              1.1805068
      0.3180240             -0.6416374
F   1   1.00
      0.7610570              1.0000000
****
