****
CL    0
S   15   1.00
 456098.2745960              0.0000182
  68329.7415110              0.0001413
  15549.9411750              0.0007429
   4404.9833360              0.0031023
   1438.9945560              0.0110450
    520.3980310              0.0335390
    203.0992320              0.0860642
     83.9596820              0.1685240
     36.1998630              0.2159441
     15.8299400              0.0297810
      6.3339760             -0.4575867
      2.6939900             -0.6594494
      0.9767960              0.0203999
      0.4312980              0.5893728
      0.1624990              0.3055820
S   15   1.00
 456098.2745960              0.0000316
  68329.7415110              0.0002458
  15549.9411750              0.0012900
   4404.9833360              0.0053875
   1438.9945560              0.0190056
    520.3980310              0.0570128
    203.0992320              0.1401014
     83.9596820              0.2530519
     36.1998630              0.2666148
     15.8299400              0.0612984
      6.3339760             -0.2119995
      2.6939900             -0.1415484
      0.9767960             -0.0955005
      0.4312980             -0.4037521
      0.1624990             -0.2182249
S   15   1.00
 456098.2745960              0.0000363
  68329.7415110              0.0002824
  15549.9411750              0.0014798
   4404.9833360              0.0061772
   1438.9945560              0.0216444
    520.3980310              0.0641945
    203.0992320              0.1520536
     83.9596820              0.2531195
     36.1998630              0.2089370
     15.8299400              0.0790747
      6.3339760              0.2004485
      2.6939900              0.1890279
      0.9767960              0.0512451
      0.4312980              0.1442851
      0.1624990              0.0807136
S   15   1.00
 456098.2745960              0.0000024
  68329.7415110              0.0000184
  15549.9411750              0.0001044
   4404.9833360              0.0003855
   1438.9945560              0.0015369
    520.3980310              0.0034984
    203.0992320              0.0097324
     83.9596820              0.0022261
     36.1998630              0.0056890
     15.8299400             -0.0314416
      6.3339760              0.1855469
      2.6939900             -0.2695296
      0.9767960              0.9470556
      0.4312980              0.5027606
      0.1624990             -1.3420657
S   15   1.00
 456098.2745960              0.0000022
  68329.7415110              0.0000163
  15549.9411750              0.0000859
   4404.9833360              0.0003499
   1438.9945560              0.0012276
    520.3980310              0.0033313
    203.0992320              0.0070365
     83.9596820              0.0053384
     36.1998630             -0.0056304
     15.8299400             -0.0034088
      6.3339760              0.0568971
      2.6939900             -0.2272461
      0.9767960              1.2249091
      0.4312980             -0.6104322
      0.1624990              0.6893338
P   9   1.00
    663.2974910              0.0020622
    156.7994070              0.0164738
     49.9798110              0.0764331
     18.4199300              0.2223107
      7.2399730              0.3863090
      2.9219890              0.3011064
      1.0219960             -0.1654185
      0.3817990             -0.4327047
      0.1301000             -0.2535545
P   9   1.00
    663.2974910              0.0015977
    156.7994070              0.0127727
     49.9798110              0.0584163
     18.4199300              0.1680810
      7.2399730              0.2815787
      2.9219890              0.2324564
      1.0219960              0.2001717
      0.3817990              0.3194189
      0.1301000              0.1951818
P   9   1.00
    663.2974910              0.0000225
    156.7994070              0.0008091
     49.9798110              0.0012172
     18.4199300              0.0189952
      7.2399730              0.0021082
      2.9219890              0.0937183
      1.0219960             -0.7485211
      0.3817990             -0.2328947
      0.1301000              1.0173618
P   9   1.00
    663.2974910              0.0007018
    156.7994070              0.0048804
     49.9798110              0.0283561
     18.4199300              0.0761980
      7.2399730              0.1858305
      2.9219890             -0.0125561
      1.0219960             -1.5564369
      0.3817990              1.2943308
      0.1301000             -0.8495346
D   2   1.00
      1.0459960              0.4620764
      0.3439990              0.6527886
D   2   1.00
      1.0459960              1.2352105
      0.3439990             -0.8743438
F   1   1.00
      0.7059970              1.0000000
****
