****
F     0
S   10   1.00
  19501.1232160              0.0003307
   2923.1683670              0.0025614
    664.5382760              0.0132127
    187.5108000              0.0522347
     60.6234920              0.1560135
     21.4212340              0.3180083
      7.9504580              0.3150092
      2.2571300             -0.1410519
      0.8815510             -0.5383177
      0.3041180             -0.3329600
S   10   1.00
  19501.1232160              0.0004036
   2923.1683670              0.0031195
    664.5382760              0.0160526
    187.5108000              0.0625144
     60.6234920              0.1805499
     21.4212340              0.3269198
      7.9504580              0.2362112
      2.2571300              0.1154359
      0.8815510              0.2554818
      0.3041180              0.1688279
S   10   1.00
  19501.1232160              0.0000734
   2923.1683670              0.0005837
    664.5382760              0.0028151
    187.5108000              0.0110987
     60.6234920              0.0235895
     21.4212340              0.0205107
      7.9504580             -0.1144387
      2.2571300              0.8369903
      0.8815510              0.4943825
      0.3041180             -1.2296428
S   10   1.00
  19501.1232160              0.0000487
   2923.1683670              0.0003100
    664.5382760              0.0019782
    187.5108000              0.0039361
     60.6234920              0.0122497
     21.4212340             -0.0750004
      7.9504580             -0.1255534
      2.2571300              1.5159266
      0.8815510             -0.9256592
      0.3041180              0.6704014
P   5   1.00
     43.8825280              0.0167641
      9.9265720              0.1049195
      2.9301690              0.3201421
      0.9132530              0.4803359
      0.2672150              0.3402237
P   5   1.00
     43.8825280              0.0234960
      9.9265720              0.1377052
      2.9301690              0.5962130
      0.9132530              0.1971955
      0.2672150             -0.8830507
P   5   1.00
     43.8825280              0.0417308
      9.9265720              0.3625904
      2.9301690              1.0185010
      0.9132530             -1.1115759
      0.2672150              0.4970915
D   2   1.00
      3.1071790              0.3752640
      0.8550490              0.7565312
D   2   1.00
      3.1071790              1.1586610
      0.8550490             -0.5747335
F   1   1.00
      1.9171100              1.0000000
****
