****
HE    0
S   6   1.00
    234.8431580              0.0025918
     35.2866900              0.0195896
      8.0177860              0.0914313
      2.2199700              0.2730242
      0.6693030              0.4744713
      0.2096530              0.3106845
S   6   1.00
    234.8431580              0.0041982
     35.2866900              0.0326343
      8.0177860              0.2010499
      2.2199700              0.8013087
      0.6693030              0.0254873
      0.2096530             -0.8043599
S   6   1.00
    234.8431580              0.0079010
     35.2866900              0.0376277
      8.0177860              0.5581801
      2.2199700              0.7852818
      0.6693030             -1.1419737
      0.2096530              0.8872030
P   2   1.00
      3.0549680              0.3027540
      0.7607310              0.7958127
P   2   1.00
      3.0549680              1.1863860
      0.7607310             -0.4513413
D   1   1.00
      1.9720800              1.0000000
****
