****
LI    0
S   11   1.00
   5988.1167540              0.0001330
    898.9175270              0.0010250
    205.9040150              0.0052720
     59.2411550              0.0209290
     19.8703870              0.0663400
      7.4061440              0.1657750
      2.9300570              0.3150380
      1.1890230              0.3935230
      0.4798090              0.1908700
      0.0750910              0.0054140
      0.0283210             -0.0013280
S   11   1.00
   5988.1167540             -0.0000210
    898.9175270             -0.0001610
    205.9040150             -0.0008200
     59.2411550             -0.0033260
     19.8703870             -0.0105190
      7.4061440             -0.0280970
      2.9300570             -0.0559359
      1.1890230             -0.0992369
      0.4798090             -0.1121888
      0.0750910              0.5678882
      0.0283210              0.5303812
S   11   1.00
   5988.1167540              0.0000012
    898.9175270              0.0000453
    205.9040150             -0.0000470
     59.2411550              0.0013630
     19.8703870             -0.0023916
      7.4061440              0.0184025
      2.9300570             -0.0339893
      1.1890230              0.1180389
      0.4798090             -0.1445716
      0.0750910             -1.5032557
      0.0283210              1.8083911
S   11   1.00
   5988.1167540              0.0001554
    898.9175270              0.0012812
    205.9040150              0.0059519
     59.2411550              0.0268269
     19.8703870              0.0684634
      7.4061440              0.2146874
      2.9300570              0.1997516
      1.1890230              0.3180205
      0.4798090             -1.1969439
      0.0750910             -0.0485805
      0.0283210             -0.1551909
P   5   1.00
      3.2660640              0.0086300
      0.6511130              0.0475381
      0.1696030              0.2097725
      0.0557810              0.5285234
      0.0205000              0.3827450
P   5   1.00
      3.2660640              0.0407523
      0.6511130              0.1655699
      0.1696030              0.9980733
      0.0557810             -0.6154147
      0.0205000             -0.4064371
P   5   1.00
      3.2660640              0.0814734
      0.6511130              0.6557634
      0.1696030              0.0889270
      0.0557810             -0.1581239
      0.0205000              0.7331079
D   2   1.00
      0.1874040              0.3470063
      0.0801020              0.7167061
D   2   1.00
      0.1874040              1.3840204
      0.0801020             -0.6700987
F   1   1.00
      0.1829040              1.0000000
****
