****
N     0
S   10   1.00
  11419.9840120              0.0003383
   1711.9976030              0.0026187
    389.2994550              0.0134825
    109.9998460              0.0528612
     35.5699500              0.1562273
     12.5399820              0.3129526
      4.6439930              0.3121471
      1.2929980             -0.1257363
      0.5117990             -0.5319048
      0.1787000             -0.3473181
S   10   1.00
  11419.9840120              0.0004182
   1711.9976030              0.0032330
    389.2994550              0.0165899
    109.9998460              0.0642308
     35.5699500              0.1836833
     12.5399820              0.3306136
      4.6439930              0.2350196
      1.2929980              0.1064602
      0.5117990              0.2522311
      0.1787000              0.1773653
S   10   1.00
  11419.9840120              0.0000737
   1711.9976030              0.0005787
    389.2994550              0.0028505
    109.9998460              0.0110561
     35.5699500              0.0260765
     12.5399820              0.0322345
      4.6439930             -0.0759984
      1.2929980              0.5200385
      0.5117990              0.8121474
      0.1787000             -1.4577680
S   10   1.00
  11419.9840120              0.0000628
   1711.9976030              0.0004405
    389.2994550              0.0024711
    109.9998460              0.0066474
     35.5699500              0.0155939
     12.5399820             -0.0553706
      4.6439930             -0.1348049
      1.2929980              1.5121050
      0.5117990             -0.6013148
      0.1787000              0.2105576
P   5   1.00
     26.6299630              0.0147790
      5.9479920              0.0918374
      1.7419980              0.3022186
      0.5549990              0.4965955
      0.1725000              0.3356606
P   5   1.00
     26.6299630              0.0204510
      5.9479920              0.1014445
      1.7419980              0.5940850
      0.5549990              0.2523469
      0.1725000             -0.9368883
P   5   1.00
     26.6299630              0.0428045
      5.9479920              0.3520030
      1.7419980              1.0535043
      0.5549990             -1.0028670
      0.1725000              0.4369623
D   2   1.00
      1.6539980              0.3858000
      0.4689990              0.7434298
D   2   1.00
      1.6539980              1.1709966
      0.4689990             -0.6076842
F   1   1.00
      1.0929980              1.0000000
****
