!ANO-VT-TZ - Atomic Natural Orbital - Virial Theorem - Triple Zeta basis sets
!
! Please cite:
! Daniel Claudino, Ricardo Gargano, and Rodney J. Bartlett The Journal of Chemical Physics 144, 104106 (2016); https://doi.org/10.1063/1.4943275
! Daniel Claudino, Ricardo Gargano, and Rodney J. Bartlett The Journal of Chemical Physics 145, 019901 (2016); https://doi.org/10.1063/1.4954989
! 
****
NE    0
S   10   1.00
  24352.4935040              0.0003278
   3650.3737700              0.0025403
    829.6849530              0.0131096
    234.0239620              0.0519869
     75.6177430              0.1559606
     26.7327370              0.3195546
      9.9280170              0.3154952
      2.8362900             -0.1454803
      1.1021130             -0.5387650
      0.3782390             -0.3303494
S   10   1.00
  24352.4935040              0.0003986
   3650.3737700              0.0030813
    829.6849530              0.0158673
    234.0239620              0.0619384
     75.6177430              0.1796174
     26.7327370              0.3258063
      9.9280170              0.2366202
      2.8362900              0.1182217
      1.1021130              0.2557793
      0.3782390              0.1671285
S   10   1.00
  24352.4935040              0.0000725
   3650.3737700              0.0005769
    829.6849530              0.0027798
    234.0239620              0.0109381
     75.6177430              0.0228660
     26.7327370              0.0161524
      9.9280170             -0.1219098
      2.8362900              0.9075699
      1.1021130              0.4173737
      0.3782390             -1.1685431
S   10   1.00
  24352.4935040              0.0000433
   3650.3737700              0.0002574
    829.6849530              0.0017931
    234.0239620              0.0028202
     75.6177430              0.0112356
     26.7327370             -0.0826555
      9.9280170             -0.1168533
      2.8362900              1.4888057
      1.1021130             -1.0105197
      0.3782390              0.8066747
P   5   1.00
     54.7056010              0.0172431
     12.4312730              0.1081872
      3.6793770              0.3241150
      1.1431170              0.4779217
      0.3300340              0.3390502
P   5   1.00
     54.7056010              0.0252836
     12.4312730              0.1539174
      3.6793770              0.6186192
      1.1431170              0.1444280
      0.3300340             -0.8453525
P   5   1.00
     54.7056010              0.0409152
     12.4312730              0.3798476
      3.6793770              0.9775153
      1.1431170             -1.1664230
      0.3300340              0.5864361
D   2   1.00
      4.0144110              0.3744934
      1.0961120              0.7583230
D   2   1.00
      4.0144110              1.1556284
      1.0961120             -0.5707003
F   1   1.00
      2.5442610              1.0000000
****
