****
O     0
S   10   1.00
  15329.8543650              0.0003301
   2298.9781600              0.0025559
    522.3950370              0.0131947
    147.2986010              0.0521219
     47.5495480              0.1554759
     16.7598410              0.3156168
      6.2069410              0.3150355
      1.7519830             -0.1323474
      0.6881930             -0.5364969
      0.2383980             -0.3402577
S   10   1.00
  15329.8543650              0.0004052
   2298.9781600              0.0031319
    522.3950370              0.0161226
    147.2986010              0.0628124
     47.5495480              0.1812384
     16.7598410              0.3286292
      6.2069410              0.2366879
      1.7519830              0.1108239
      0.6881930              0.2543313
      0.2383980              0.1729388
S   10   1.00
  15329.8543650              0.0000733
   2298.9781600              0.0005821
    522.3950370              0.0028242
    147.2986010              0.0111754
     47.5495480              0.0247627
     16.7598410              0.0273508
      6.2069410             -0.0995353
      1.7519830              0.6972685
      0.6881930              0.6409774
      0.2383980             -1.3355098
S   10   1.00
  15329.8543650              0.0000564
   2298.9781600              0.0003881
    522.3950370              0.0022424
    147.2986010              0.0056945
     47.5495480              0.0139675
     16.7598410             -0.0614072
      6.2069410             -0.1389943
      1.7519830              1.5345598
      0.6881930             -0.7710451
      0.2383980              0.4405429
P   5   1.00
     34.4596730              0.0160413
      7.7489260              0.1000467
      2.2799780              0.3141226
      0.7155930              0.4851356
      0.2139980              0.3397906
P   5   1.00
     34.4596730              0.0209773
      7.7489260              0.1160220
      2.2799780              0.5590199
      0.7155930              0.2716346
      0.2139980             -0.9397685
P   5   1.00
     34.4596730              0.0420955
      7.7489260              0.3372546
      2.2799780              1.0607478
      0.7155930             -1.0225267
      0.2139980              0.3780055
D   2   1.00
      2.3139780              0.3806057
      0.6449940              0.7502861
D   2   1.00
      2.3139780              1.1638572
      0.6449940             -0.5904023
F   1   1.00
      1.4279860              1.0000000
****
