****
P     0
S   15   1.00
 312400.7105760              0.0000217
  46800.1064500              0.0001685
  10650.0242240              0.0008846
   3018.0068650              0.0036910
    986.8022450              0.0130273
    357.4008130              0.0390965
    139.6003180              0.0972821
     57.6301310              0.1825107
     24.6000560              0.2076875
     10.1200230             -0.0215648
      4.2830100             -0.4734871
      1.8050040             -0.5937137
      0.6158010              0.0222296
      0.2782010              0.5650304
      0.1055000              0.3034930
S   15   1.00
 312400.7105760              0.0000366
  46800.1064500              0.0002846
  10650.0242240              0.0014921
   3018.0068650              0.0062187
    986.8022450              0.0217791
    357.4008130              0.0644276
    139.6003180              0.1538404
     57.6301310              0.2643927
     24.6000560              0.2492924
     10.1200230              0.0198828
      4.2830100             -0.2283322
      1.8050040             -0.1273623
      0.6158010             -0.0800326
      0.2782010             -0.4074880
      0.1055000             -0.2276836
S   15   1.00
 312400.7105760              0.0000426
  46800.1064500              0.0003308
  10650.0242240              0.0017330
   3018.0068650              0.0072110
    986.8022450              0.0251027
    357.4008130              0.0732101
    139.6003180              0.1683739
     57.6301310              0.2627723
     24.6000560              0.1915999
     10.1200230              0.0753173
      4.2830100              0.2142316
      1.8050040              0.1814674
      0.6158010              0.0408448
      0.2782010              0.1386956
      0.1055000              0.0796583
S   15   1.00
 312400.7105760              0.0000023
  46800.1064500              0.0000175
  10650.0242240              0.0000965
   3018.0068650              0.0003685
    986.8022450              0.0013904
    357.4008130              0.0033024
    139.6003180              0.0080267
     57.6301310              0.0019914
     24.6000560              0.0002428
     10.1200230             -0.0139170
      4.2830100              0.1352361
      1.8050040             -0.2026511
      0.6158010              0.8001792
      0.2782010              0.6410683
      0.1055000             -1.4429942
S   15   1.00
 312400.7105760              0.0000027
  46800.1064500              0.0000207
  10650.0242240              0.0001086
   3018.0068650              0.0004468
    986.8022450              0.0015296
    357.4008130              0.0041739
    139.6003180              0.0082038
     57.6301310              0.0060576
     24.6000560             -0.0086109
     10.1200230              0.0103096
      4.2830100              0.0606661
      1.8050040             -0.2105498
      0.6158010              1.2381363
      0.2782010             -0.4900169
      0.1055000              0.5041028
P   9   1.00
    504.9011480              0.0023957
    119.4002720              0.0190257
     37.9600860              0.0872343
     13.9500320              0.2519577
      5.4570120              0.4359018
      2.1770050              0.3838385
      0.8010020              0.0238962
      0.2877010             -0.1873543
      0.0971400             -0.1258489
P   9   1.00
    504.9011480              0.0008283
    119.4002720              0.0065165
     37.9600860              0.0297366
     13.9500320              0.0834519
      5.4570120              0.1429467
      2.1770050              0.1144653
      0.8010020              0.1733906
      0.2877010              0.4860139
      0.0971400              0.3423142
P   9   1.00
    504.9011480              0.0000740
    119.4002720             -0.0002514
     37.9600860              0.0027509
     13.9500320             -0.0106650
      5.4570120              0.0238466
      2.1770050             -0.1264069
      0.8010020              0.5727102
      0.2877010              0.6054524
      0.0971400             -1.1150301
P   9   1.00
    504.9011480              0.0003205
    119.4002720              0.0037276
     37.9600860              0.0121362
     13.9500320              0.0649094
      5.4570120              0.0581596
      2.1770050              0.2265725
      0.8010020             -1.5727970
      0.2877010              0.7706039
      0.0971400             -0.4144338
D   2   1.00
      0.2160000              0.6477118
      0.6520010              0.4662301
D   2   1.00
      0.2160000              0.8910084
      0.6520010             -1.2378365
F   1   1.00
      0.4520010              1.0000000
****
