!ANO-VT-TZ - Atomic Natural Orbital - Virial Theorem - Triple Zeta basis sets
!
! Please cite:
! Daniel Claudino, Ricardo Gargano, and Rodney J. Bartlett The Journal of Chemical Physics 144, 104106 (2016); https://doi.org/10.1063/1.4943275
! Daniel Claudino, Ricardo Gargano, and Rodney J. Bartlett The Journal of Chemical Physics 145, 019901 (2016); https://doi.org/10.1063/1.4954989
! 
****
S     0
S   15   1.00
 374099.8420430              0.0000202
  56049.9763340              0.0001568
  12759.9946120              0.0008244
   3614.9984740              0.0034378
   1182.9995010              0.0121562
    428.7998190              0.0365926
    167.7999290              0.0920977
     69.4699710              0.1761518
     29.8399870              0.2127862
     12.7199950              0.0039846
      5.2439980             -0.4697524
      2.2189990             -0.6293216
      0.7767000              0.0280025
      0.3490000              0.5772239
      0.1322000              0.2994714
S   15   1.00
 374099.8420430              0.0000346
  56049.9763340              0.0002690
  12759.9946120              0.0014112
   3614.9984740              0.0058819
   1182.9995010              0.0206211
    428.7998190              0.0612348
    167.7999290              0.1476613
     69.4699710              0.2593366
     29.8399870              0.2579855
     12.7199950              0.0398329
      5.2439980             -0.2191854
      2.2189990             -0.1320823
      0.7767000             -0.0916527
      0.3490000             -0.4062887
      0.1322000             -0.2198816
S   15   1.00
 374099.8420430              0.0000400
  56049.9763340              0.0003101
  12759.9946120              0.0016255
   3614.9984740              0.0067675
   1182.9995010              0.0235728
    428.7998190              0.0691082
    167.7999290              0.1605403
     69.4699710              0.2579955
     29.8399870              0.1995049
     12.7199950              0.0754323
      5.2439980              0.2074188
      2.2189990              0.1846021
      0.7767000              0.0473778
      0.3490000              0.1429776
      0.1322000              0.0799025
S   15   1.00
 374099.8420430              0.0000025
  56049.9763340              0.0000185
  12759.9946120              0.0001036
   3614.9984740              0.0003886
   1182.9995010              0.0015043
    428.7998190              0.0034815
    167.7999290              0.0090574
     69.4699710              0.0021330
     29.8399870              0.0030918
     12.7199950             -0.0229692
      5.2439980              0.1621540
      2.2189990             -0.2392225
      0.7767000              0.8949823
      0.3490000              0.5436989
      0.1322000             -1.3864324
S   15   1.00
 374099.8420430              0.0000024
  56049.9763340              0.0000185
  12759.9946120              0.0000971
   3614.9984740              0.0003988
   1182.9995010              0.0013692
    428.7998190              0.0037481
    167.7999290              0.0074944
     69.4699710              0.0058862
     29.8399870             -0.0074592
     12.7199950              0.0039076
      5.2439980              0.0533545
      2.2189990             -0.2124683
      0.7767000              1.2314145
      0.3490000             -0.5676685
      0.1322000              0.6151870
P   9   1.00
    574.3997570              0.0023785
    135.7999430              0.0189375
     43.1899820              0.0872506
     15.8699930              0.2519628
      6.2079970              0.4327845
      2.4829990              0.3526458
      0.8688000             -0.0738941
      0.3229000             -0.3133303
      0.1098000             -0.1898116
P   9   1.00
    574.3997570              0.0012468
    135.7999430              0.0099111
     43.1899820              0.0451359
     15.8699930              0.1284945
      6.2079970              0.2144064
      2.4829990              0.1773691
      0.8688000              0.2096035
      0.3229000              0.4066477
      0.1098000              0.2578418
P   9   1.00
    574.3997570              0.0000322
    135.7999430             -0.0003986
     43.1899820              0.0010031
     15.8699930             -0.0124510
      6.2079970              0.0112355
      2.4829990             -0.0972455
      0.8688000              0.6262685
      0.3229000              0.4148254
      0.1098000             -1.0997362
P   9   1.00
    574.3997570              0.0005052
    135.7999430              0.0041762
     43.1899820              0.0200823
     15.8699930              0.0678160
      6.2079970              0.1223918
      2.4829990              0.0957820
      0.8688000             -1.6171342
      0.3229000              1.0429882
      0.1098000             -0.5354625
D   2   1.00
      0.2690000              0.6395572
      0.8190000              0.4766511
D   2   1.00
      0.2690000              0.9131659
      0.8190000             -1.2252606
F   1   1.00
      0.5570000              1.0000000
****
