****
SI    0
S   15   1.00
 254902.4094320              0.0000241
  38190.3609890              0.0001878
   8690.0821420              0.0009854
   2462.0232720              0.0041123
    804.8076070              0.0144623
    291.3027540              0.0431936
    113.6010740              0.1057348
     46.7504420              0.1932152
     19.8201870              0.2017326
      7.7080730             -0.0597996
      3.3400320             -0.4870196
      1.4020130             -0.5449519
      0.4387040              0.0389098
      0.2070020              0.5468281
      0.0794410              0.2840467
S   15   1.00
 254902.4094320              0.0000395
  38190.3609890              0.0003070
   8690.0821420              0.0016096
   2462.0232720              0.0067047
    804.8076070              0.0234228
    291.3027540              0.0688649
    113.6010740              0.1621079
     46.7504420              0.2701898
     19.8201870              0.2359653
      7.7080730             -0.0065272
      3.3400320             -0.2321408
      1.4020130             -0.1088302
      0.4387040             -0.0809747
      0.2070020             -0.4133321
      0.0794410             -0.2248643
S   15   1.00
 254902.4094320              0.0000459
  38190.3609890              0.0003565
   8690.0821420              0.0018686
   2462.0232720              0.0077655
    804.8076070              0.0269815
    291.3027540              0.0780807
    113.6010740              0.1770399
     46.7504420              0.2654784
     19.8201870              0.1790389
      7.7080730              0.0813365
      3.3400320              0.2252719
      1.4020130              0.1721822
      0.4387040              0.0379085
      0.2070020              0.1373065
      0.0794410              0.0771714
S   15   1.00
 254902.4094320              0.0000030
  38190.3609890              0.0000223
   8690.0821420              0.0001202
   2462.0232720              0.0004771
    804.8076070              0.0017030
    291.3027540              0.0043196
    113.6010740              0.0091691
     46.7504420              0.0037095
     19.8201870             -0.0050339
      7.7080730              0.0053181
      3.3400320              0.1174543
      1.4020130             -0.2213426
      0.4387040              1.1307079
      0.2070020              0.3909146
      0.0794410             -1.1327124
S   15   1.00
 254902.4094320              0.0000020
  38190.3609890              0.0000160
   8690.0821420              0.0000790
   2462.0232720              0.0003513
    804.8076070              0.0010786
    291.3027540              0.0033687
    113.6010740              0.0050576
     46.7504420              0.0066185
     19.8201870             -0.0128561
      7.7080730              0.0309964
      3.3400320             -0.0215194
      1.4020130             -0.0960103
      0.4387040              1.0151452
      0.2070020             -0.6085737
      0.0794410              0.8201315
P   9   1.00
    481.5045510              0.0019603
    113.9010770              0.0156935
     36.2303420              0.0729137
     13.3401260              0.2180918
      5.2520500              0.3988764
      2.1200200              0.4064615
      0.8561080              0.1218293
      0.2528020             -0.0805362
      0.0788910             -0.0714433
P   9   1.00
    481.5045510              0.0003920
    113.9010770              0.0030169
     36.2303420              0.0143728
     13.3401260              0.0396633
      5.2520500              0.0769301
      2.1200200              0.0525011
      0.8561080              0.1106912
      0.2528020              0.5294476
      0.0788910              0.4565482
P   9   1.00
    481.5045510              0.0000782
    113.9010770             -0.0003216
     36.2303420              0.0032647
     13.3401260             -0.0104920
      5.2520500              0.0322830
      2.1200200             -0.1336925
      0.8561080              0.3023544
      0.2528020              0.9563747
      0.0788910             -1.1716454
P   9   1.00
    481.5045510              0.0000282
    113.9010770              0.0042300
     36.2303420             -0.0006877
     13.3401260              0.0829324
      5.2520500             -0.0684837
      2.1200200              0.5582435
      0.8561080             -1.6019662
      0.2528020              0.4090548
      0.0788910             -0.1458371
D   2   1.00
      0.1590020              0.6494649
      0.4810050              0.4647363
D   2   1.00
      0.1590020              0.8853019
      0.4810050             -1.2372017
F   1   1.00
      0.3360030              1.0000000
****
