****
B     0
S   14   1.00
  33713.2090900              0.0000969
   5944.1469550              0.0006365
   1398.4465480              0.0033100
    408.4840030              0.0130585
    139.7224310              0.0427378
     53.4151770              0.1186584
     22.0062560              0.2776099
      9.5014400              0.5176670
      4.2096900              0.6781401
      1.8837970              0.4191816
      0.8409510              0.0534040
      0.3705840             -0.0088276
      0.1595430             -0.0174374
      0.0663110             -0.0066536
S   14   1.00
  33713.2090900              0.0000139
   5944.1469550              0.0000911
   1398.4465480              0.0004742
    408.4840030              0.0018794
    139.7224310              0.0062080
     53.4151770              0.0176819
     22.0062560              0.0434925
      9.5014400              0.0907642
      4.2096900              0.1565133
      1.8837970              0.1792387
      0.8409510             -0.0423788
      0.3705840             -0.5007890
      0.1595430             -0.7622621
      0.0663110             -0.3150608
S   14   1.00
  33713.2090900              0.0000083
   5944.1469550              0.0000551
   1398.4465480              0.0002838
    408.4840030              0.0011410
    139.7224310              0.0037074
     53.4151770              0.0108965
     22.0062560              0.0262823
      9.5014400              0.0581135
      4.2096900              0.0942056
      1.8837970              0.1469322
      0.8409510             -0.1951643
      0.3705840             -0.7628532
      0.1595430              0.2901479
      0.0663110              0.5109936
P   8   1.00
     55.5985150              0.0020086
     12.5957260              0.0156263
      3.9252440              0.0646204
      1.4127370              0.2075692
      0.5524420              0.4700048
      0.2327110              0.6433904
      0.1037760              0.5388558
      0.0448880              0.1651352
P   8   1.00
     55.5985150              0.0017813
     12.5957260              0.0137498
      3.9252440              0.0506776
      1.4127370              0.1544731
      0.5524420              0.6015101
      0.2327110              0.7335476
      0.1037760              0.2341586
      0.0448880             -0.1365318
D   6   1.00
      3.6455150              0.0122038
      1.7449540              0.0373810
      0.8352350              0.2651468
      0.3997920              0.6768987
      0.1913630              0.6321608
      0.0915980              0.2652015
****
