****
C     0
S   14   1.00
  50386.7510900              0.0000934
   8819.2373630              0.0006154
   2086.7321560              0.0031621
    612.8795870              0.0124403
    209.4234020              0.0411252
     79.3863770              0.1168228
     32.2752830              0.2802431
     13.7491780              0.5308248
      6.0385850              0.6810579
      2.7005220              0.3969034
      1.2150470              0.0455190
      0.5418380             -0.0125534
      0.2344430             -0.0226724
      0.0954250             -0.0083165
S   14   1.00
  50386.7510900              0.0000139
   8819.2373630              0.0000915
   2086.7321560              0.0004703
    612.8795870              0.0018585
    209.4234020              0.0062066
     79.3863770              0.0181043
     32.2752830              0.0459208
     13.7491780              0.0984414
      6.0385850              0.1698311
      2.7005220              0.1770090
      1.2150470             -0.0838538
      0.5418380             -0.5308223
      0.2344430             -0.7427827
      0.0954250             -0.2951711
S   14   1.00
  50386.7510900              0.0000086
   8819.2373630              0.0000568
   2086.7321560              0.0002901
    612.8795870              0.0011585
    209.4234020              0.0038228
     79.3863770              0.0114048
     32.2752830              0.0285736
     13.7491780              0.0638623
      6.0385850              0.1078515
      2.7005220              0.1442426
      1.2150470             -0.2565399
      0.5418380             -0.7290224
      0.2344430              0.3065725
      0.0954250              0.5208148
P   8   1.00
     83.1513210              0.0021274
     19.5924490              0.0166142
      6.0476250              0.0734270
      2.1892240              0.2282381
      0.8700640              0.4839788
      0.3648050              0.6479795
      0.1562410              0.5172421
      0.0654550              0.1434680
P   8   1.00
     83.1513210              0.0018118
     19.5924490              0.0138614
      6.0476250              0.0555838
      2.1892240              0.1654087
      0.8700640              0.6371340
      0.3648050              0.6241665
      0.1562410              0.1099289
      0.0654550             -0.4021779
D   6   1.00
      5.2360130              0.0170162
      2.5791440              0.0514396
      1.2704290              0.2818154
      0.6257850              0.6665221
      0.3082480              0.6067801
      0.1518360              0.3243620
****
