****
F     0
S   14   1.00
 121062.9455000              0.0000921
  19158.1818200              0.0006883
   4354.8273930              0.0036045
   1271.9945510              0.0140176
    439.6281120              0.0451112
    169.5883900              0.1248795
     70.2021160              0.2935847
     30.4131360              0.5464534
     13.5736060              0.6745756
      6.1708230              0.3736873
      2.8241810              0.0420379
      1.2790870             -0.0150644
      0.5577800             -0.0243646
      0.2244360             -0.0086441
S   14   1.00
 121062.9455000              0.0000148
  19158.1818200              0.0001105
   4354.8273930              0.0005792
   1271.9945510              0.0022640
    439.6281120              0.0073734
    169.5883900              0.0210451
     70.2021160              0.0527382
     30.4131360              0.1130121
     13.5736060              0.1893789
      6.1708230              0.1697355
      2.8241810             -0.1370043
      1.2790870             -0.5650205
      0.5577800             -0.7156708
      0.2244360             -0.2628052
S   14   1.00
 121062.9455000              0.0000089
  19158.1818200              0.0000670
   4354.8273930              0.0003495
   1271.9945510              0.0013758
    439.6281120              0.0044466
    169.5883900              0.0128938
     70.2021160              0.0320670
     30.4131360              0.0710594
     13.5736060              0.1218620
      6.1708230              0.1347683
      2.8241810             -0.3297330
      1.2790870             -0.6910919
      0.5577800              0.3843896
      0.2244360              0.4760611
P   10   1.00
    354.5944870              0.0008764
     94.0585850              0.0061813
     32.2929880              0.0274322
     13.3804240              0.0802137
      6.2322060              0.1847667
      3.0524980              0.3439764
      1.4850400              0.5135391
      0.6880770              0.5983117
      0.2971260              0.4515944
      0.1200610              0.1211566
P   10   1.00
    354.5944870              0.0007646
     94.0585850              0.0054083
     32.2929880              0.0243714
     13.3804240              0.0710079
      6.2322060              0.1787299
      3.0524980              0.4091166
      1.4850400              0.4547729
      0.6880770             -0.2073505
      0.2971260             -0.6699464
      0.1200610             -0.3104392
D   7   1.00
     15.9373320              0.0171498
      8.1649290              0.0313011
      4.1830130              0.1939332
      2.1430190              0.5010858
      1.0979000              0.7080913
      0.5624700              0.4188931
      0.2881620              0.1821107
****
