****
H     0
S   9   1.00
    837.3565790              0.0000942
    123.4588050              0.0007550
     27.6800140              0.0039564
      7.8443510              0.0161511
      2.5635170              0.0524165
      0.9330970              0.1187161
      0.3731530              0.2019413
      0.1593170              0.1760460
      0.0670560              0.0363439
S   9   1.00
    837.3565790              0.0001060
    123.4588050              0.0008343
     27.6800140              0.0046131
      7.8443510              0.0194506
      2.5635170              0.0902077
      0.9330970              0.3533496
      0.3731530              0.0721133
      0.1593170             -0.4266997
      0.0670560             -0.1062639
P   5   1.00
      5.3318730              0.0074645
      2.4367010              0.0156054
      1.1135890              0.1322438
      0.5089170              0.2287702
      0.2325790              0.1881628
****
