! FANO-DZ - Frozen Atomic Natural Orbital- Double Zeta basis sets
! 
! Please cite
! Daniel Claudino and Rodney J. Bartlett The Journal of Chemical Physics 149, 064105 (2018); https://doi.org/10.1063/1.5039741
! 
****
NE    0
S   15   1.00
 312544.6873000              0.0000106
  50787.7069200              0.0000778
  11399.4429700              0.0004237
   3219.2939940              0.0017529
   1067.0663660              0.0060636
    395.0140650              0.0181540
    157.9071280              0.0468455
     66.7089680              0.0974566
     29.3859170              0.1384550
     13.3753880              0.0740060
      6.2357970             -0.0030151
      2.9415450              0.2580262
      1.3766260              0.6259235
      0.6196670              0.6779816
      0.2561770              0.2127571
S   15   1.00
 312544.6873000              0.0000295
  50787.7069200              0.0002163
  11399.4429700              0.0011790
   3219.2939940              0.0048850
   1067.0663660              0.0169807
    395.0140650              0.0514340
    157.9071280              0.1366386
     66.7089680              0.3041176
     29.3859170              0.5197335
     13.3753880              0.5553849
      6.2357970              0.2401261
      2.9415450             -0.1121701
      1.3766260             -0.3201745
      0.6196670             -0.3500175
      0.2561770             -0.1097327
S   15   1.00
 312544.6873000              0.0000036
  50787.7069200              0.0000266
  11399.4429700              0.0001453
   3219.2939940              0.0006037
   1067.0663660              0.0021116
    395.0140650              0.0065082
    157.9071280              0.0179719
     66.7089680              0.0435219
     29.3859170              0.0884961
     13.3753880              0.1421050
      6.2357970              0.0729318
      2.9415450             -0.5022446
      1.3766260             -0.5471105
      0.6196670              0.5171166
      0.2561770              0.3813162
P   10   1.00
    559.2593190              0.0006302
    135.6639700              0.0054278
     42.9895110              0.0278549
     16.7591690              0.0891202
      7.5268760              0.2067340
      3.6452530              0.3649067
      1.7903200              0.5124487
      0.8470070              0.5778962
      0.3722610              0.4493234
      0.1495940              0.1299875
P   10   1.00
    559.2593190              0.0005594
    135.6639700              0.0048435
     42.9895110              0.0252494
     16.7591690              0.0818580
      7.5268760              0.2098889
      3.6452530              0.4372718
      1.7903200              0.3932896
      0.8470070             -0.2421432
      0.3722610             -0.6810939
      0.1495940             -0.2831590
D   7   1.00
     24.3527310              0.0120698
     12.1763050              0.0249500
      6.0881220              0.1501837
      3.0440460              0.4542005
      1.5220150              0.7208542
      0.7610040              0.4573332
      0.3805000              0.2039464
****
