! FANO-6Z - Frozen Atomic Natural Orbital- Hextuple Zeta basis sets
! 
! Please cite
! Daniel Claudino and Rodney J. Bartlett The Journal of Chemical Physics 149, 064105 (2018); https://doi.org/10.1063/1.5039741
! 
HE:FANO-6Z
GITHUB.COM/DANCLAUDINO

  6
    0    1    2    3    4    5
    6    5    4    3    2    1
   10    6    5    4    3    3
 
   4830.039864    729.242971    162.927888     46.500237     15.381158
      5.557872      2.123589      0.843040      0.342850      0.139687
 
 0.0001051  0.0000824  0.0000596  0.0000589  0.0000620  0.0000163
 0.0008274  0.0006520  0.0005441  0.0002074 -0.0000786  0.0002823
 0.0043958  0.0034762  0.0024209  0.0032522  0.0042227  0.0006175
 0.0177745  0.0146714  0.0144866  0.0053563 -0.0019854  0.0166859
 0.0604393  0.0561758  0.0623797  0.1341775  0.2244187  0.1562918
 0.1727267  0.2230841  0.3977541  0.2763735 -0.2705803 -0.4061955
 0.3838561  0.5782693  0.0802949 -0.7578268 -0.0807134  0.5558196
 0.6199012  0.2023253 -0.8235630  0.4856701  0.5393208 -0.5587752
 0.6227484 -0.6774590  0.2584255  0.1521856 -0.6777018  0.4052885
 0.2161898 -0.3355122  0.2935940 -0.2687700  0.3460339 -0.1577190
 
     24.318374     10.335490      4.392660      1.866913      0.793452
      0.337223
 
 0.0056512  0.0148219  0.0184429  0.0222718  0.0709805
 0.0220451  0.0588850  0.1847055  0.4018845  0.1636384
 0.1359837  0.4676164  0.5239311 -0.3536294 -0.4975267
 0.5465516  0.5678715 -0.6974934 -0.2577398  0.6336567
 0.7619289 -0.5053722 -0.1063496  0.6715268 -0.5167919
 0.3189612 -0.4469548  0.4395824 -0.4422228  0.2281593
 
     16.140882      7.002248      3.037720      1.317826      0.571700
 
 0.0080042  0.0171921  0.0505532  0.1516552
 0.0540712  0.2636389  0.5513359  0.1961164
 0.4435463  0.7255774 -0.2445760 -0.6071477
 0.8011998 -0.2931458 -0.5373863  0.6662138
 0.3979420 -0.5637392  0.5872577 -0.3550634
 
     12.739320      5.111029      2.050550      0.822683
 
 0.0057181  0.0494365  0.2016805
 0.2433377  0.6977833  0.3751369
 0.8556312  0.0872400 -0.7324916
 0.4567815 -0.7092557  0.5310869
 
      9.637522      3.755854      1.463700
 
 0.0385431  0.2522416
 0.6250740  0.6448526
 0.7796133 -0.7214841
 
     11.193405      4.362200      1.700000
 
 0.0241555
 0.6351660
 0.7719979
 
