! FANO-TZ - Frozen Atomic Natural Orbital- Triple Zeta basis sets
! 
! Please cite
! Daniel Claudino and Rodney J. Bartlett The Journal of Chemical Physics 149, 064105 (2018); https://doi.org/10.1063/1.5039741
! 
****
C     0
S   14   1.00
  50386.7510900              0.0000514
   8819.2373630              0.0003389
   2086.7321560              0.0017411
    612.8795870              0.0068500
    209.4234020              0.0226448
     79.3863770              0.0643262
     32.2752830              0.1543103
     13.7491780              0.2922881
      6.0385850              0.3750110
      2.7005220              0.2185470
      1.2150470              0.0250641
      0.5418380             -0.0069123
      0.2344430             -0.0124841
      0.0954250             -0.0045793
S   14   1.00
  50386.7510900              0.0000097
   8819.2373630              0.0000637
   2086.7321560              0.0003272
    612.8795870              0.0012930
    209.4234020              0.0043180
     79.3863770              0.0125955
     32.2752830              0.0319479
     13.7491780              0.0684874
      6.0385850              0.1181544
      2.7005220              0.1231482
      1.2150470             -0.0583385
      0.5418380             -0.3693022
      0.2344430             -0.5167667
      0.0954250             -0.2053556
S   14   1.00
  50386.7510900              0.0000139
   8819.2373630              0.0000915
   2086.7321560              0.0004673
    612.8795870              0.0018662
    209.4234020              0.0061581
     79.3863770              0.0183720
     32.2752830              0.0460291
     13.7491780              0.1028756
      6.0385850              0.1737377
      2.7005220              0.2323601
      1.2150470             -0.4132596
      0.5418380             -1.1743806
      0.2344430              0.4938570
      0.0954250              0.8389794
S   14   1.00
  50386.7510900              0.0000194
   8819.2373630              0.0001300
   2086.7321560              0.0006623
    612.8795870              0.0026664
    209.4234020              0.0087954
     79.3863770              0.0270352
     32.2752830              0.0700963
     13.7491780              0.1625915
      6.0385850              0.2872924
      2.7005220              0.3149802
      1.2150470             -2.1027019
      0.5418380              0.6646504
      0.2344430              2.0091936
      0.0954250             -1.7055362
P   8   1.00
     83.1513210              0.0012504
     19.5924490              0.0097648
      6.0476250              0.0431561
      2.1892240              0.1341449
      0.8700640              0.2844542
      0.3648050              0.3808442
      0.1562410              0.3040044
      0.0654550              0.0843220
P   8   1.00
     83.1513210              0.0013823
     19.5924490              0.0105751
      6.0476250              0.0424060
      2.1892240              0.1261937
      0.8700640              0.4860828
      0.3648050              0.4761896
      0.1562410              0.0838670
      0.0654550             -0.3068299
P   8   1.00
     83.1513210              0.0007614
     19.5924490              0.0064790
      6.0476250              0.0268260
      2.1892240              0.1048343
      0.8700640              0.3137537
      0.3648050             -0.1513599
      0.1562410             -0.4841485
      0.0654550             -0.5328941
D   6   1.00
      5.2360130              0.0102999
      2.5791440              0.0311363
      1.2704290              0.1705826
      0.6257850              0.4034451
      0.3082480              0.3672834
      0.1518360              0.1963360
D   6   1.00
      5.2360130              0.0132990
      2.5791440              0.0627920
      1.2704290              0.6890573
      0.6257850              0.2851754
      0.3082480             -0.5341938
      0.1518360             -0.4244747
F   5   1.00
      4.8000000              0.0072526
      2.4000000              0.0315488
      1.2000000              0.3234408
      0.6000000              0.4636285
      0.3000000              0.3271594
****
