! FANO-TZ - Frozen Atomic Natural Orbital- Triple Zeta basis sets
! 
! Please cite
! Daniel Claudino and Rodney J. Bartlett The Journal of Chemical Physics 149, 064105 (2018); https://doi.org/10.1063/1.5039741
! 
****
N     0
S   14   1.00
  73027.0995300              0.0000861
  13006.9357000              0.0005565
   3085.0052020              0.0028746
    902.4964980              0.0114056
    306.8769050              0.0380392
    115.9661650              0.1089295
     47.1153690              0.2648738
     20.0894380              0.5127249
      8.8297390              0.6836002
      3.9426890              0.4263029
      1.7639150              0.0562035
      0.7781490             -0.0178354
      0.3315040             -0.0292326
      0.1325480             -0.0113544
S   14   1.00
  73027.0995300              0.0000127
  13006.9357000              0.0000824
   3085.0052020              0.0004259
    902.4964980              0.0016970
    306.8769050              0.0057192
    115.9661650              0.0168171
     47.1153690              0.0432958
     20.0894380              0.0949091
      8.8297390              0.1687003
      3.9426890              0.1808815
      1.7639150             -0.0795995
      0.7781490             -0.5388887
      0.3315040             -0.7343445
      0.1325480             -0.3026917
S   14   1.00
  73027.0995300              0.0000081
  13006.9357000              0.0000530
   3085.0052020              0.0002717
    902.4964980              0.0010962
    306.8769050              0.0036387
    115.9661650              0.0109600
     47.1153690              0.0276608
     20.0894380              0.0633387
      8.8297390              0.1091879
      3.9426890              0.1477906
      1.7639150             -0.2401707
      0.7781490             -0.7222937
      0.3315040              0.2466300
      0.1325480              0.5666638
S   14   1.00
  73027.0995300              0.0000051
  13006.9357000              0.0000337
   3085.0052020              0.0001709
    902.4964980              0.0007019
    306.8769050              0.0022954
    115.9661650              0.0072233
     47.1153690              0.0183569
     20.0894380              0.0453765
      8.8297390              0.0799524
      3.9426890              0.0987852
      1.7639150             -0.5748554
      0.7781490              0.1241837
      0.3315040              0.6272211
      0.1325480             -0.4920451
P   9   1.00
    151.4935990              0.0014016
     40.9598840              0.0089248
     14.4370110              0.0361072
      5.8532440              0.1088272
      2.5531790              0.2647524
      1.1595980              0.4758313
      0.5359910              0.6036089
      0.2429480              0.5381675
      0.1001280              0.1905101
P   9   1.00
    151.4935990              0.0010787
     40.9598840              0.0070709
     14.4370110              0.0274723
      5.8532440              0.0804627
      2.5531790              0.2320473
      1.1595980              0.5961968
      0.5359910              0.1862449
      0.2429480             -0.3231860
      0.1001280             -0.6665486
P   9   1.00
    151.4935990              0.0006781
     40.9598840              0.0036050
     14.4370110              0.0218935
      5.8532440              0.0556637
      2.5531790              0.2238837
      1.1595980             -0.0135173
      0.5359910             -0.3119810
      0.2429480             -0.7460498
      0.1001280              0.5405365
D   6   1.00
     11.6127850              0.0072799
      5.3516530              0.0277046
      2.4662640              0.1646585
      1.1365570              0.5873112
      0.5237720              0.6803181
      0.2413760              0.4053391
D   6   1.00
     11.6127850              0.0140505
      5.3516530              0.0110294
      2.4662640              0.4341829
      1.1365570              0.5919039
      0.5237720             -0.4076281
      0.2413760             -0.5428216
F   5   1.00
      5.4197990              0.0200737
      2.7459560              0.1336946
      1.3912460              0.6280859
      0.7048790              0.6760417
      0.3571290              0.3608303
****
