B:ANO-VT-DZ
EMSL BASIS SET LIBRARY
 
  3
    0    1    2
    3    2    1
    9    4    1
 
   4570.747683    686.012218    156.525604     44.477276     14.482369
      5.131839      1.898311      0.332954      0.104317
 
 0.0003799  0.0006077  0.0000503
 0.0029459  0.0046667  0.0001538
 0.0148298  0.0236915  0.0024427
 0.0568551  0.0880001 -0.0012096
 0.1536633  0.2357537  0.0274884
 0.2907962  0.3750453 -0.1111143
 0.2292233  0.2279636  0.0673900
-0.5208498  0.2015971  1.5170638
-0.5242941  0.1867458 -1.5312684
 
      6.001982      1.241203      0.336455      0.095396
 
 0.0350232  0.0065234
 0.1964650  0.1938653
 0.5302135  0.9056052
 0.4526609 -1.1454058
 
      0.343056
 
 1.0000000
 
