CL:ANO-VT-DZ
EMSL BASIS SET LIBRARY
 
  3
    0    1    2
    4    3    1
   12    8    1
 
 127902.012212  19170.301596   4363.068642   1236.019446    403.606350
    145.702292     56.810894     23.230365      6.644105      2.575041
      0.537108      0.193803
 
 0.0000904  0.0001464  0.0001838  0.0000014
 0.0006979  0.0011326  0.0014278  0.0000067
 0.0036651  0.0059081  0.0073854  0.0000734
 0.0148345  0.0238831  0.0299327  0.0000860
 0.0498519  0.0779544  0.0947308  0.0012110
 0.1256851  0.1885974  0.2222797 -0.0004504
 0.2290100  0.2953849  0.2892624  0.0077562
 0.1474098  0.1712894  0.1569152 -0.0121126
-0.4761159 -0.2030639  0.2056764  0.0947009
-0.6894876 -0.1714676  0.1968982  0.0483567
 0.4872306 -0.4022028  0.1389283 -1.5103533
 0.4429747 -0.3156024  0.0981723  1.8383087
 
    417.606570     98.331547     31.040488     11.190176      4.249067
      1.624026      0.532208      0.162003
 
 0.0041684  0.0038744  0.0001832
 0.0314808  0.0293903 -0.0002378
 0.1322198  0.1202590  0.0098981
 0.3112109  0.2827384 -0.0033362
 0.3859143  0.3226782  0.0982898
 0.0107685  0.1764151 -0.3178739
-0.4798590  0.2868498 -0.8749248
-0.3933200  0.2380039  1.1558343
 
      0.600009
 
 1.0000000
 
