F:ANO-VT-DZ
EMSL BASIS SET LIBRARY
 
  3
    0    1    2
    3    2    1
    9    4    1
 
  14713.465880   2207.520000    502.918467    142.633599     46.480949
     16.703935      6.357498      1.316310      0.389792
 
 0.0003909  0.0006289  0.0000661
 0.0030464  0.0048327  0.0003015
 0.0153350  0.0246564  0.0029711
 0.0599584  0.0921049  0.0016291
 0.1628549  0.2476914  0.0293319
 0.3087165  0.3692249 -0.1176017
 0.1902126  0.2149976  0.0916125
-0.5262082  0.1939146  1.4555240
-0.5389954  0.1838511 -1.4468907
 
     22.675341      4.978173      1.347317      0.347182
 
 0.0450610  0.0601419
 0.2377469  0.4364035
 0.5048032  0.6351481
 0.4607322 -0.9269776
 
      1.640386
 
 1.0000000
 
