N:ANO-VT-DZ
EMSL BASIS SET LIBRARY
 
  3
    0    1    2
    3    2    1
    9    4    1
 
   9047.224870   1357.183744    309.341881     87.741879     28.563867
     10.211382      3.838520      0.746701      0.224830
 
 0.0003749  0.0006123  0.0000669
 0.0029199  0.0047052  0.0003620
 0.0146886  0.0239813  0.0028811
 0.0572772  0.0896457  0.0036948
 0.1554498  0.2418095  0.0269690
 0.2983027  0.3727679 -0.0815153
 0.2050494  0.2243059  0.0300094
-0.5144450  0.1905128  1.5259457
-0.5460360  0.1873013 -1.4627797
 
     13.551835      2.917395      0.797408      0.218530
 
 0.0400648  0.0473317
 0.2184642  0.3796115
 0.5117493  0.7263892
 0.4595266 -0.9935378
 
      0.817111
 
 1.0000000
 
