NE:ANO-VT-DZ
EMSL BASIS SET LIBRARY
 
  3
    0    1    2
    3    2    1
    9    4    1
 
  17884.910185   2683.736802    611.667929    173.547646     56.655554
     20.425608      7.812145      1.653454      0.487034
 
 0.0004012  0.0006429  0.0000685
 0.0031248  0.0049363  0.0003070
 0.0157213  0.0251721  0.0030877
 0.0614064  0.0938170  0.0014477
 0.1661240  0.2508756  0.0304024
 0.3122150  0.3677078 -0.1264330
 0.1824129  0.2105166  0.1101814
-0.5289420  0.1942786  1.4344307
-0.5372300  0.1829600 -1.4387087
 
     28.397796      6.271722      1.695465      0.431819
 
 0.0462785  0.0649682
 0.2421757  0.4626759
 0.5046166  0.5962273
 0.4587769 -0.9065881
 
      2.202605
 
 1.0000000
 
