P:ANO-VT-DZ
EMSL BASIS SET LIBRARY
 
  3
    0    1    2
    4    3    1
   12    8    1
 
  94840.352297  14220.052822   3236.012021    917.103407    299.501113
    108.100402     42.180157     17.280064      4.858018      1.818007
      0.337201      0.123200
 
 0.0000967  0.0001490  0.0001984  0.0000017
 0.0007453  0.0011534  0.0015411  0.0000079
 0.0039147  0.0060111  0.0079662  0.0000854
 0.0157700  0.0242296  0.0321819  0.0000962
 0.0527118  0.0785618  0.1012245  0.0013741
 0.1301577  0.1871803  0.2338299 -0.0007709
 0.2305634  0.2844686  0.2949023  0.0084164
 0.1327343  0.1538164  0.1529355 -0.0149989
-0.4710377 -0.2137120  0.2054552  0.1034867
-0.6654910 -0.1658776  0.1922567  0.0294957
 0.4643570 -0.4108817  0.1314703 -1.5173111
 0.4185514 -0.3229616  0.0933441  1.8469068
 
    370.501376     87.330324     27.590102     10.000037      3.825014
      1.494006      0.392101      0.118600
 
 0.0040365  0.0016347  0.0003160
 0.0308277  0.0127038  0.0010818
 0.1328302  0.0526329  0.0127184
 0.3347916  0.1354815  0.0103252
 0.4754799  0.1702692  0.1014321
 0.2401901  0.1457990 -0.1219492
-0.1798581  0.4453094 -1.1581929
-0.2001648  0.4428056  1.1611887
 
      0.373001
 
 1.0000000
 
