S:ANO-VT-DZ
EMSL BASIS SET LIBRARY
 
  3
    0    1    2
    4    3    1
   12    8    1
 
 110799.915668  16609.987358   3780.997122   1070.999185    349.799734
    126.299904     49.259963     20.159985      5.719996      2.181998
      0.432700      0.157000
 
 0.0000930  0.0001478  0.0001903  0.0000017
 0.0007176  0.0011435  0.0014777  0.0000071
 0.0037697  0.0059632  0.0076423  0.0000746
 0.0152303  0.0240825  0.0309382  0.0000917
 0.0510261  0.0783172  0.0975796  0.0012115
 0.1274531  0.1881843  0.2273712 -0.0004521
 0.2293742  0.2908220  0.2918594  0.0075779
 0.1406578  0.1635776  0.1551506 -0.0121572
-0.4730438 -0.2081600  0.2055763  0.0920294
-0.6793809 -0.1692562  0.1948899  0.0450395
 0.4784376 -0.4062283  0.1358967 -1.5066933
 0.4315848 -0.3178746  0.0959383  1.8419500
 
    399.699696     94.189928     29.749977     10.769992      4.118997
      1.624999      0.472600      0.140700
 
 0.0041037  0.0029338  0.0002236
 0.0311819  0.0225301  0.0004214
 0.1333689  0.0935989  0.0100918
 0.3255415  0.2311033  0.0041224
 0.4402857  0.2840933  0.0888768
 0.1326285  0.1846626 -0.1696530
-0.3748049  0.3416838 -1.0543874
-0.3536226  0.3108976  1.1722155
 
      0.479000
 
 1.0000000
 
