SI:ANO-VT-DZ
EMSL BASIS SET LIBRARY
 
  3
    0    1    2
    4    3    1
   12    8    1
 
  78860.307288  11820.046058   2692.010490    763.402975    249.600973
     90.280352     35.290138     14.510057      4.053016      1.482006
      0.251701      0.092430
 
 0.0001037  0.0001529  0.0002129  0.0000021
 0.0008000  0.0011827  0.0016526  0.0000099
 0.0041953  0.0061506  0.0085257  0.0001052
 0.0168403  0.0247277  0.0343395  0.0001179
 0.0558121  0.0794367  0.1070260  0.0016515
 0.1352696  0.1863662  0.2432344 -0.0011753
 0.2336584  0.2757544  0.2977659  0.0095984
 0.1214102  0.1394713  0.1483670 -0.0188979
-0.4730367 -0.2204217  0.2053133  0.1145390
-0.6486011 -0.1600760  0.1880908  0.0074462
 0.4532763 -0.4239246  0.1269105 -1.4658168
 0.3936270 -0.3236311  0.0876752  1.8381539
 
    315.901231     74.420290     23.480091      8.488033      3.217013
      1.229005      0.296401      0.087680
 
 0.0040092  0.0006718  0.0002776
 0.0304797  0.0053146  0.0009066
 0.1300278  0.0208169  0.0108178
 0.3276143  0.0553404  0.0079095
 0.4677377  0.0596369  0.0881151
 0.2691700  0.0802670 -0.0739584
-0.0543926  0.5006982 -1.2027039
-0.0807489  0.5358262  1.1238817
 
      0.275001
 
 1.0000000
 
