! FANO-QZ - Frozen Atomic Natural Orbital- Quadruple Zeta basis sets
! 
! Please cite
! Daniel Claudino and Rodney J. Bartlett The Journal of Chemical Physics 149, 064105 (2018); https://doi.org/10.1063/1.5039741
! 
H:FANO-QZ
GITHUB.COM/DANCLAUDINO

  4
    0    1    2    3
    4    3    2    1
    9    5    4    3
 
    837.356579    123.458805     27.680014      7.844351      2.563517
      0.933097      0.373153      0.159317      0.067056
 
 0.0000942  0.0001050  0.0000941 -0.0000518
 0.0007550  0.0008261  0.0006984  0.0000389
 0.0039564  0.0045649  0.0044199 -0.0038174
 0.0161511  0.0192329  0.0217301  0.0105325
 0.0524165  0.0888390  0.1832408 -0.3119156
 0.1187161  0.3472684 -0.1772017  1.2816372
 0.2019413  0.0661802 -0.6766767 -1.2109460
 0.1760460 -0.4252670  0.4743323  0.2471218
 0.0363439 -0.1033785  0.1655691  0.2423234
 
      5.331873      2.436701      1.113589      0.508917      0.232579
 
 0.0074645  0.0149812  0.0159255
 0.0156054  0.1100637  0.3714126
 0.1322438  0.3659117 -0.3364789
 0.2287702 -0.0510704 -0.5567565
 0.1881628 -0.4114908  0.6165746

      4.548996      2.057159      0.930294      0.420700

 0.0011829  0.0191003
 0.0311443  0.2694641
 0.1131471  0.2251466
 0.1353299 -0.5116127

      3.332879      1.460380      0.639900

 0.0043026
 0.0410083
 0.0703727

