! FANO-QZ - Frozen Atomic Natural Orbital- Quadruple Zeta basis sets
! 
! Please cite
! Daniel Claudino and Rodney J. Bartlett The Journal of Chemical Physics 149, 064105 (2018); https://doi.org/10.1063/1.5039741
! 
HE:FANO-QZ
GITHUB.COM/DANCLAUDINO

  4
    0    1    2    3
    4    3    2    1
   10    6    5    4
 
   4830.039864    729.242971    162.927888     46.500237     15.381158
      5.557872      2.123589      0.843040      0.342850      0.139687
 
 0.0001051  0.0000824  0.0000596  0.0000589
 0.0008274  0.0006520  0.0005441  0.0002074
 0.0043958  0.0034762  0.0024209  0.0032522
 0.0177745  0.0146714  0.0144866  0.0053563
 0.0604393  0.0561758  0.0623797  0.1341775
 0.1727267  0.2230841  0.3977541  0.2763735
 0.3838561  0.5782693  0.0802949 -0.7578268
 0.6199012  0.2023253 -0.8235630  0.4856701
 0.6227484 -0.6774590  0.2584255  0.1521856
 0.2161898 -0.3355122  0.2935940 -0.2687700
 
     24.318374     10.335490      4.392660      1.866913      0.793452
      0.337223
 
 0.0056512  0.0148219  0.0184429
 0.0220451  0.0588850  0.1847055
 0.1359837  0.4676164  0.5239311
 0.5465516  0.5678715 -0.6974934
 0.7619289 -0.5053722 -0.1063496
 0.3189612 -0.4469548  0.4395824
 
     16.140882      7.002248      3.037720      1.317826      0.571700
 
 0.0080042  0.0171921
 0.0540712  0.2636389
 0.4435463  0.7255774
 0.8011998 -0.2931458
 0.3979420 -0.5637392
 
     12.739320      5.111029      2.050550      0.822683
 
 0.0057181
 0.2433377
 0.8556312
 0.4567815
 
