! FANO-QZ - Frozen Atomic Natural Orbital- Quadruple Zeta basis sets
! 
! Please cite
! Daniel Claudino and Rodney J. Bartlett The Journal of Chemical Physics 149, 064105 (2018); https://doi.org/10.1063/1.5039741
! 
NE:FANO-QZ
GITHUB.COM/DANCLAUDINO

  5
    0    1    2    3    4
    5    4    3    2    1
   15   10    7    6    6
 
 312544.687300  50787.706920  11399.442970   3219.293994   1067.066366
    395.014065    157.907128     66.708968     29.385917     13.375388
      6.235797      2.941545      1.376626      0.619667      0.256177
 
 0.0000106  0.0000295  0.0000036  0.0000021  0.0000013
 0.0000778  0.0002163  0.0000266  0.0000156  0.0000110
 0.0004237  0.0011790  0.0001453  0.0000812  0.0000463
 0.0017529  0.0048850  0.0006037  0.0003605  0.0002693
 0.0060636  0.0169807  0.0021116  0.0011597  0.0005956
 0.0181540  0.0514340  0.0065082  0.0040244  0.0032912
 0.0468455  0.1366386  0.0179719  0.0098871  0.0045929
 0.0974566  0.3041176  0.0435219  0.0294918  0.0278972
 0.1384550  0.5197335  0.0884961  0.0495980  0.0185637
 0.0740060  0.5553849  0.1421050  0.1358980  0.1900042
-0.0030151  0.2401261  0.0729318 -0.1230270 -0.5947514
 0.2580262 -0.1121701 -0.5022446 -0.6214028  0.4009155
 0.6259235 -0.3201745 -0.5471105  0.6656364  0.2602651
 0.6779816 -0.3500175  0.5171166  0.1355016 -0.5482858
 0.2127571 -0.1097327  0.3813162 -0.3396719  0.2827109
 
    559.259319    135.663970     42.989511     16.759169      7.526876
      3.645253      1.790320      0.847007      0.372261      0.149594
 
 0.0006302  0.0005594  0.0005311  0.0005081
 0.0054278  0.0048435  0.0045566  0.0042087
 0.0278549  0.0252494  0.0261575  0.0278286
 0.0891202  0.0818580  0.0841888  0.1015585
 0.2067340  0.2098889  0.2764635  0.3661971
 0.3649067  0.4372718  0.3939736 -0.2999548
 0.5124487  0.3932896 -0.4657472 -0.5255999
 0.5778962 -0.2421432 -0.5566839  0.6343169
 0.4493234 -0.6810939  0.3547612  0.0210879
 0.1299875 -0.2831590  0.3284612 -0.2928522
 
     24.352731     12.176305      6.088122      3.044046      1.522015
      0.761004      0.380500
 
 0.0120698  0.0140497  0.0183115
 0.0249500  0.0390179  0.0470850
 0.1501837  0.3117748  0.5540760
 0.4542005  0.6697242 -0.0746804
 0.7208542 -0.0639989 -0.7004122
 0.4573332 -0.5378839  0.1891441
 0.2039464 -0.3989125  0.3981427
 
     17.414290      9.036481      4.689137      2.433249      1.262642
      0.655200
 
 0.0044945  0.0222880
 0.0372098  0.1156093
 0.2714300  0.6546730
 0.7209350  0.2631713
 0.5758230 -0.4486526
 0.2712961 -0.5357170
 
     18.084644      9.693173      5.195436      2.784697      1.492568
      0.800000
 
 0.0042829
 0.0395233
 0.2723164
 0.7171238
 0.5704396
 0.2908531
 
