! FANO-5Z - Frozen Atomic Natural Orbital- Pentuple Zeta basis sets
! 
! Please cite
! Daniel Claudino and Rodney J. Bartlett The Journal of Chemical Physics 149, 064105 (2018); https://doi.org/10.1063/1.5039741
! 
****
HE    0
S   10   1.00
   4830.0398640              0.0001051
    729.2429710              0.0008274
    162.9278880              0.0043958
     46.5002370              0.0177745
     15.3811580              0.0604393
      5.5578720              0.1727267
      2.1235890              0.3838561
      0.8430400              0.6199012
      0.3428500              0.6227484
      0.1396870              0.2161898
S   10   1.00
   4830.0398640              0.0000824
    729.2429710              0.0006520
    162.9278880              0.0034762
     46.5002370              0.0146714
     15.3811580              0.0561758
      5.5578720              0.2230841
      2.1235890              0.5782693
      0.8430400              0.2023253
      0.3428500             -0.6774590
      0.1396870             -0.3355122
S   10   1.00
   4830.0398640              0.0000596
    729.2429710              0.0005441
    162.9278880              0.0024209
     46.5002370              0.0144866
     15.3811580              0.0623797
      5.5578720              0.3977541
      2.1235890              0.0802949
      0.8430400             -0.8235630
      0.3428500              0.2584255
      0.1396870              0.2935940
S   10   1.00
   4830.0398640              0.0000589
    729.2429710              0.0002074
    162.9278880              0.0032522
     46.5002370              0.0053563
     15.3811580              0.1341775
      5.5578720              0.2763735
      2.1235890             -0.7578268
      0.8430400              0.4856701
      0.3428500              0.1521856
      0.1396870             -0.2687700
S   10   1.00
   4830.0398640              0.0000620
    729.2429710             -0.0000786
    162.9278880              0.0042227
     46.5002370             -0.0019854
     15.3811580              0.2244187
      5.5578720             -0.2705803
      2.1235890             -0.0807134
      0.8430400              0.5393208
      0.3428500             -0.6777018
      0.1396870              0.3460339
P   6   1.00
     24.3183740              0.0056512
     10.3354900              0.0220451
      4.3926600              0.1359837
      1.8669130              0.5465516
      0.7934520              0.7619289
      0.3372230              0.3189612
P   6   1.00
     24.3183740              0.0148219
     10.3354900              0.0588850
      4.3926600              0.4676164
      1.8669130              0.5678715
      0.7934520             -0.5053722
      0.3372230             -0.4469548
P   6   1.00
     24.3183740              0.0184429
     10.3354900              0.1847055
      4.3926600              0.5239311
      1.8669130             -0.6974934
      0.7934520             -0.1063496
      0.3372230              0.4395824
P   6   1.00
     24.3183740              0.0222718
     10.3354900              0.4018845
      4.3926600             -0.3536294
      1.8669130             -0.2577398
      0.7934520              0.6715268
      0.3372230             -0.4422228
D   5   1.00
     16.1408820              0.0080042
      7.0022480              0.0540712
      3.0377200              0.4435463
      1.3178260              0.8011998
      0.5717000              0.3979420
D   5   1.00
     16.1408820              0.0171921
      7.0022480              0.2636389
      3.0377200              0.7255774
      1.3178260             -0.2931458
      0.5717000             -0.5637392
D   5   1.00
     16.1408820              0.0505532
      7.0022480              0.5513359
      3.0377200             -0.2445760
      1.3178260             -0.5373863
      0.5717000              0.5872577
F   4   1.00
     12.7393200              0.0057181
      5.1110290              0.2433377
      2.0505500              0.8556312
      0.8226830              0.4567815
F   4   1.00
     12.7393200              0.0494365
      5.1110290              0.6977833
      2.0505500              0.0872400
      0.8226830             -0.7092557
G   3   1.00
      9.6375220              0.0385431
      3.7558540              0.6250740
      1.4637000              0.7796133
****
