! FANO-5Z - Frozen Atomic Natural Orbital- Pentuple Zeta basis sets
! 
! Please cite
! Daniel Claudino and Rodney J. Bartlett The Journal of Chemical Physics 149, 064105 (2018); https://doi.org/10.1063/1.5039741
! 
****
N     0
S   14   1.00
  73027.0995300              0.0000861
  13006.9357000              0.0005565
   3085.0052020              0.0028746
    902.4964980              0.0114056
    306.8769050              0.0380392
    115.9661650              0.1089295
     47.1153690              0.2648738
     20.0894380              0.5127249
      8.8297390              0.6836002
      3.9426890              0.4263029
      1.7639150              0.0562035
      0.7781490             -0.0178354
      0.3315040             -0.0292326
      0.1325480             -0.0113544
S   14   1.00
  73027.0995300              0.0000127
  13006.9357000              0.0000824
   3085.0052020              0.0004259
    902.4964980              0.0016970
    306.8769050              0.0057192
    115.9661650              0.0168171
     47.1153690              0.0432958
     20.0894380              0.0949091
      8.8297390              0.1687003
      3.9426890              0.1808815
      1.7639150             -0.0795995
      0.7781490             -0.5388887
      0.3315040             -0.7343445
      0.1325480             -0.3026917
S   14   1.00
  73027.0995300              0.0000081
  13006.9357000              0.0000530
   3085.0052020              0.0002717
    902.4964980              0.0010962
    306.8769050              0.0036387
    115.9661650              0.0109600
     47.1153690              0.0276608
     20.0894380              0.0633387
      8.8297390              0.1091879
      3.9426890              0.1477906
      1.7639150             -0.2401707
      0.7781490             -0.7222937
      0.3315040              0.2466300
      0.1325480              0.5666638
S   14   1.00
  73027.0995300              0.0000051
  13006.9357000              0.0000337
   3085.0052020              0.0001709
    902.4964980              0.0007019
    306.8769050              0.0022954
    115.9661650              0.0072233
     47.1153690              0.0183569
     20.0894380              0.0453765
      8.8297390              0.0799524
      3.9426890              0.0987852
      1.7639150             -0.5748554
      0.7781490              0.1241837
      0.3315040              0.6272211
      0.1325480             -0.4920451
S   14   1.00
  73027.0995300              0.0000031
  13006.9357000              0.0000146
   3085.0052020              0.0001143
    902.4964980              0.0002531
    306.8769050              0.0017933
    115.9661650              0.0019871
     47.1153690              0.0180222
     20.0894380              0.0055392
      8.8297390              0.1150489
      3.9426890             -0.1482905
      1.7639150             -0.2742488
      0.7781490              0.6801476
      0.3315040             -0.6062603
      0.1325480              0.2429943
S   14   1.00
  73027.0995300              0.0000112
  13006.9357000              0.0000688
   3085.0052020              0.0003810
    902.4964980              0.0013824
    306.8769050              0.0052540
    115.9661650              0.0130314
     47.1153690              0.0406533
     20.0894380              0.0679263
      8.8297390              0.2244375
      3.9426890              0.0035171
      1.7639150             -0.0144971
      0.7781490             -0.2978810
      0.3315040             -0.9145096
      0.1325480             -0.1337099
P   9   1.00
    151.4935990              0.0014016
     40.9598840              0.0089248
     14.4370110              0.0361072
      5.8532440              0.1088272
      2.5531790              0.2647524
      1.1595980              0.4758313
      0.5359910              0.6036089
      0.2429480              0.5381675
      0.1001280              0.1905101
P   9   1.00
    151.4935990              0.0010787
     40.9598840              0.0070709
     14.4370110              0.0274723
      5.8532440              0.0804627
      2.5531790              0.2320473
      1.1595980              0.5961968
      0.5359910              0.1862449
      0.2429480             -0.3231860
      0.1001280             -0.6665486
P   9   1.00
    151.4935990              0.0006781
     40.9598840              0.0036050
     14.4370110              0.0218935
      5.8532440              0.0556637
      2.5531790              0.2238837
      1.1595980             -0.0135173
      0.5359910             -0.3119810
      0.2429480             -0.7460498
      0.1001280              0.5405365
P   9   1.00
    151.4935990              0.0011617
     40.9598840              0.0073493
     14.4370110              0.0338701
      5.8532440              0.0897781
      2.5531790              0.3741703
      1.1595980              0.1699795
      0.5359910             -0.6690228
      0.2429480              0.5955207
      0.1001280              0.1400157
P   9   1.00
    151.4935990              0.0010286
     40.9598840              0.0100040
     14.4370110              0.0363803
      5.8532440              0.2057360
      2.5531790              0.2218749
      1.1595980             -0.7150564
      0.5359910              0.1699513
      0.2429480              0.4305039
      0.1001280             -0.4260245
D   6   1.00
     11.6127850              0.0072799
      5.3516530              0.0277046
      2.4662640              0.1646585
      1.1365570              0.5873112
      0.5237720              0.6803181
      0.2413760              0.4053391
D   6   1.00
     11.6127850              0.0140505
      5.3516530              0.0110294
      2.4662640              0.4341829
      1.1365570              0.5919039
      0.5237720             -0.4076281
      0.2413760             -0.5428216
D   6   1.00
     11.6127850              0.0075519
      5.3516530              0.0717550
      2.4662640              0.5930834
      1.1365570             -0.5061133
      0.5237720             -0.3374673
      0.2413760              0.5225050
D   6   1.00
     11.6127850             -0.0077087
      5.3516530              0.2856783
      2.4662640             -0.0304178
      1.1365570             -0.5055372
      0.5237720              0.7081345
      0.2413760             -0.4004758
F   5   1.00
      5.4197990              0.0200737
      2.7459560              0.1336946
      1.3912460              0.6280859
      0.7048790              0.6760417
      0.3571290              0.3608303
F   5   1.00
      5.4197990              0.0032494
      2.7459560              0.4559172
      1.3912460              0.5806804
      0.7048790             -0.4430828
      0.3571290             -0.5085438
F   5   1.00
      5.4197990              0.0582117
      2.7459560              0.6263936
      1.3912460             -0.5829213
      0.7048790             -0.2207423
      0.3571290              0.4644547
G   4   1.00
      5.6984460             -0.0023213
      2.7341990              0.2402588
      1.3119100              0.7746242
      0.6294740              0.5850023
G   4   1.00
      5.6984460             -0.0029660
      2.7341990              0.6221452
      1.3119100              0.2307833
      0.6294740             -0.7481080
H   4   1.00
      6.4878630             -0.0110493
      3.0686020              0.2405468
      1.4513740              0.8690717
      0.6864650              0.4321221
****
