AL:ANO-VT-QZ
EMSL BASIS SET LIBRARY
 
  5
    0    1    2    3    4
    6    5    3    2    1
   16   11    3    2    1
 
 419600.502119  62830.075186  14290.017100   4038.004832   1312.001570
    470.500563    181.800218     74.460089     31.900038     13.960017
      5.180006      2.265003      0.966401      0.244700      0.118400
      0.050210
 
 0.0000117  0.0000171  0.0000203  0.0000011  0.0000045  0.0000081
 0.0000913  0.0001328  0.0001581  0.0000082  0.0000015  0.0000041
 0.0004806  0.0006984  0.0008305  0.0000450  0.0000144 -0.0000111
 0.0020256  0.0029445  0.0035024  0.0001782  0.0000251  0.0001366
 0.0073327  0.0106078  0.0125611  0.0006794  0.0002487 -0.0003477
 0.0230900  0.0332012  0.0391053  0.0018639  0.0001235  0.0021904
 0.0627224  0.0881759  0.1016590  0.0050730  0.0023529 -0.0055309
 0.1367282  0.1843037  0.2038889  0.0062304 -0.0022181  0.0215896
 0.2179515  0.2616867  0.2531560  0.0046539  0.0102159 -0.0524478
 0.1684026  0.1743674  0.1352861 -0.0144884 -0.0255599  0.1177467
-0.1654269 -0.0596142  0.1083790  0.0530618  0.0710965 -0.2406492
-0.5250087 -0.1996310  0.2359027 -0.0100934 -0.1874884  1.0574016
-0.4383708 -0.0394706  0.1273351 -0.1136536  0.2034190 -1.4694367
 0.1770757 -0.1905677  0.0690954  1.7130199  0.3072448 -0.1017863
 0.4519451 -0.4111209  0.1366134 -0.5196201 -0.6236381 -0.3670791
 0.1787101 -0.1701264  0.0582419 -0.6414360  1.2991686  0.2464855
 
    891.301067    211.300253     68.280082     25.700031     10.630013
      4.602006      2.015002      0.870601      0.297200      0.110000
      0.039890
 
 0.0004956  0.0000313  0.0000123  0.0000728  0.0003160
 0.0041904  0.0002655  0.0000415 -0.0000163  0.0007608
 0.0214190  0.0013230  0.0005275  0.0033718  0.0144063
 0.0770042  0.0046353  0.0005090 -0.0017772  0.0092533
 0.1958389  0.0108259  0.0044382  0.0427180  0.1691696
 0.3371400  0.0181136 -0.0064677 -0.0346700 -0.0419389
 0.3784504  0.0135936  0.0062596  0.2419870  0.7801910
 0.2055765  0.0153150 -0.0922513 -0.3019217 -1.5490190
 0.0083557  0.2706486  0.9112924 -1.0705503  0.1383645
-0.0281753  0.5572244  0.0231361  1.0491113 -0.2000988
-0.0120973  0.2866552 -0.9005181 -1.0233331  0.3001362
 
      0.080400      0.199000      0.494001
 
 0.3744786  1.1438654  0.2215313
 0.5758826 -0.5974890 -0.5606984
 0.1853717 -0.4545978  1.2943599
 
      0.154000      0.401000
 
 0.6747025  0.8098899
 0.4340086 -1.2590411
 
      0.357000
 
 1.0000000
 
