! ANO-VT-QZ - Atomic Natural Orbital - Virial Theorem - Quadruple Zeta basis sets
!
! Please cite:
! Daniel Claudino, Ricardo Gargano, and Rodney J. Bartlett The Journal of Chemical Physics 144, 104106 (2016); https://doi.org/10.1063/1.4943275
! Daniel Claudino, Ricardo Gargano, and Rodney J. Bartlett The Journal of Chemical Physics 145, 019901 (2016); https://doi.org/10.1063/1.4954989
! 
AR:ANO-VT-QZ
EMSL BASIS SET LIBRARY
 
  5
    0    1    2    3    4
    6    5    3    2    1
   16   11    3    2    1
 
 950608.412790 142301.259352  32360.286385   9145.080933   2970.026284
   1064.009416    410.803636    168.001487     71.990637     31.670280
     12.890114      5.929052      2.678024      0.941608      0.423904
      0.171402
 
 0.0000089  0.0000154  0.0000159  0.0000013  0.0000048  0.0000113
 0.0000689  0.0001194  0.0001233  0.0000099  0.0000023  0.0000102
 0.0003631  0.0006286  0.0006487  0.0000514  0.0000192  0.0000245
 0.0015325  0.0026530  0.0027358  0.0002197  0.0000401  0.0002624
 0.0055760  0.0096073  0.0098776  0.0007684  0.0003263  0.0002148
 0.0177885  0.0304151  0.0310474  0.0024265  0.0002758  0.0034879
 0.0496781  0.0828916  0.0830285  0.0058597  0.0030729 -0.0008543
 0.1148515  0.1824670  0.1747483  0.0110021 -0.0019016  0.0260985
 0.2009080  0.2823869  0.2395982  0.0054889  0.0135317 -0.0491374
 0.1964375  0.2284817  0.1481918 -0.0045689 -0.0352380  0.1116260
-0.0827099 -0.0153102  0.0866017  0.0065362  0.0888244 -0.2109204
-0.5520746 -0.1963766  0.2263636  0.1079237 -0.2627208  1.3237077
-0.5581042 -0.0716893  0.1519207 -0.2781674  0.2279704 -1.5625327
 0.1992459 -0.1862732  0.0850993  1.5855756  0.5935117 -0.1934874
 0.5416328 -0.3787887  0.1541357 -0.3780284 -0.7054266 -0.4340822
 0.2191020 -0.1583828  0.0658376 -0.9497781  1.1758274  0.4558367
 
   1890.016726    447.803963    144.601280     54.460482     22.510199
      9.774086      4.368039      1.959017      0.826007      0.329703
      0.124201
 
 0.0003568  0.0003754  0.0000126  0.0001454  0.0001895
 0.0030574  0.0032206  0.0000089  0.0004879  0.0016826
 0.0161328  0.0168737  0.0006792  0.0069657  0.0089170
 0.0603287  0.0626333  0.0007852  0.0099066  0.0360828
 0.1599358  0.1624861  0.0131789  0.0927465  0.1057391
 0.2787390  0.2787364  0.0043286  0.0041929  0.1675924
 0.2823666  0.2677944  0.0640529  0.3707371  0.1560689
 0.0029427  0.1447383 -0.1845709 -1.2337723 -1.1550258
-0.3576421  0.1937540 -0.9309725  0.0190865  0.5774727
-0.4285347  0.2259819  0.5535456  0.6620167 -0.7034928
-0.1830583  0.0964133  0.6372690 -0.9437234  1.1010930
 
      0.311003      0.763007      1.873017
 
 0.3906425  1.1996733  0.0782831
 0.5427546 -0.7178734 -0.5632464
 0.2088775 -0.3782804  1.3171544
 
      0.543005      1.325012
 
 0.6412489  0.9326334
 0.4570150 -1.3086006
 
      1.007009
 
 1.0000000
 
