B:ANO-VT-QZ
EMSL BASIS SET LIBRARY
 
  5
    0    1    2    3    4
    5    4    3    2    1
   12    6    3    2    1
 
  23871.623188   3575.243104    812.855271    229.715620     74.695079
     26.811823     10.320702      4.178284      1.727117      0.470432
      0.189613      0.073945
 
 0.0000537  0.0000739  0.0000123  0.0000069  0.0000021
 0.0004177  0.0005735  0.0000899  0.0000266  0.0001942
 0.0021861  0.0030068  0.0005071  0.0003450 -0.0003247
 0.0091206  0.0124676  0.0018659  0.0002399  0.0062850
 0.0314404  0.0428703  0.0070642  0.0056364 -0.0104589
 0.0892574  0.1187167  0.0138831 -0.0066741  0.1091443
 0.1924138  0.2471132  0.0301222  0.0353214 -0.1380339
 0.2912679  0.3167294 -0.0368889 -0.1599522  0.9848114
 0.2100994  0.1561712 -0.0540948  0.1653441 -1.6536968
-0.2425185  0.1220659  1.2504516  0.8176950  0.0503841
-0.5456626  0.2363699 -0.1559276 -0.9019415 -0.2329241
-0.2405663  0.1084766 -0.9685823  1.1987558  0.1546025
 
     22.261514      5.058344      1.487101      0.507134      0.181212
      0.064634
 
 0.0050958  0.0031665  0.0169122  0.0259853
 0.0329952  0.0093902  0.0613035  0.2188494
 0.1291787  0.0278103  0.6012036  1.0177028
 0.3499103  0.7294418  0.7103158 -0.3901154
 0.4760381 -0.0976945 -1.0318546  0.1391047
 0.2333165 -0.9114286  0.6981231 -0.2937327
 
      1.110075      0.402027      0.145010
 
 0.1353119  0.2334565  1.1635433
 0.5493251  0.9137762 -0.2909709
 0.4713598 -1.1319371  0.0050838
 
      0.882060      0.311021
 
 0.3554086  1.1973097
 0.7575133 -0.5617515
 
      0.673046
 
 1.0000000
 
