! ANO-VT-QZ - Atomic Natural Orbital - Virial Theorem - Quadruple Zeta basis sets
!
! Please cite:
! Daniel Claudino, Ricardo Gargano, and Rodney J. Bartlett The Journal of Chemical Physics 144, 104106 (2016); https://doi.org/10.1063/1.4943275
! Daniel Claudino, Ricardo Gargano, and Rodney J. Bartlett The Journal of Chemical Physics 145, 019901 (2016); https://doi.org/10.1063/1.4954989
! 
BE:ANO-VT-QZ
EMSL BASIS SET LIBRARY
 
  5
    0    1    2    3    4
    5    4    3    2    1
   12    6    3    2    1
 
  14630.453534   2191.067922    498.215444    140.904368     45.861422
     16.470511      6.319196      2.535079      1.035032      0.252808
      0.105203      0.042611
 
 0.0000546  0.0000777  0.0000136 -0.0000036  0.0000175
 0.0004248  0.0006035  0.0000936  0.0000362  0.0003198
 0.0022227  0.0031598  0.0005802 -0.0002945  0.0002938
 0.0092349  0.0130743  0.0018520  0.0015384  0.0091971
 0.0316580  0.0446549  0.0082324 -0.0061840  0.0001450
 0.0885110  0.1224891  0.0112757  0.0324991  0.1535856
 0.1884173  0.2525119  0.0382514 -0.0595839 -0.0535894
 0.2798759  0.3255625 -0.0615937  0.2770141  0.8650983
 0.2102481  0.1545723 -0.0344997 -0.4042980 -1.6193473
-0.2348295  0.1155579  1.5041531 -0.3317518  0.1069551
-0.5642012  0.2406757 -0.4152181  0.5594179 -0.4181420
-0.2156452  0.0957620 -0.6258464 -1.1765844  0.5381189
 
     14.030435      3.168098      0.902428      0.303609      0.113004
      0.042861
 
 0.0040660  0.0065740  0.0071795  0.1123684
 0.0236569  0.1726628 -0.3836535 -0.2929556
 0.0847445  0.4372293  0.7925391 -0.6672526
 0.4240445 -1.9121515 -0.0220060 -0.0941352
 0.5453638  1.4165966 -0.2001557  0.1288986
 0.0669718 -0.0431127  0.9014650  0.4873754
 
      1.072033      0.441014      0.181106
 
 0.0898635  0.2867373  0.8591504
-0.3040043 -1.5769516  0.1692305
-0.7963792  0.6343299  0.0323457
 
      0.481015      0.255008
 
 0.0437548  0.9669753
-1.0346706  0.0408921
 
      0.415013
 
 1.0000000
 
