C:ANO-VT-QZ
EMSL BASIS SET LIBRARY
 
  5
    0    1    2    3    4
    5    4    3    2    1
   12    6    3    2    1
 
  33980.917466   5089.137404   1157.031239    326.608818    106.102865
     38.111029     14.750398      6.035163      2.530068      0.735520
      0.290508      0.111103
 
 0.0000550  0.0000755  0.0000112  0.0000103  0.0001739
 0.0004278  0.0005858  0.0000841  0.0000560  0.0001563
 0.0022408  0.0030753  0.0004592  0.0004709 -0.0003594
 0.0093692  0.0127697  0.0017716  0.0009103  0.0052260
 0.0323560  0.0439693  0.0063430  0.0071711 -0.0103685
 0.0918389  0.1213149  0.0137274 -0.0008000  0.0938487
 0.1967628  0.2495866  0.0253418  0.0361751 -0.1285043
 0.2941050  0.3101175 -0.0272723 -0.1679951  0.9709228
 0.1990918  0.1515411 -0.0500313  0.1552772 -1.6751302
-0.2546181  0.1263171  1.0328533  1.1708809  0.0743091
-0.5338865  0.2294442  0.0240769 -1.0714393 -0.2099069
-0.2527813  0.1128173 -1.1367505  1.0392054  0.1117230
 
     34.510932      7.915214      2.368064      0.813222      0.289008
      0.100703
 
 0.0053899  0.0060638  0.0180790  0.0266462
 0.0361876  0.0338094  0.0806654  0.2314577
 0.1417799  0.1489727  0.6577435  1.0597880
 0.3494984  0.7149866  0.5431741 -0.5089443
 0.4607020 -0.1621594 -1.0595194  0.1936510
 0.2457177 -0.8040000  0.8221341 -0.2853534
 
      1.848050      0.649018      0.228006
 
 0.1298553  0.4044184  1.2086985
 0.5423665  0.7774825 -0.4319349
 0.4895048 -0.9687265  0.1579375
 
      1.419038      0.485013
 
 0.3377855  1.1777356
 0.7767995 -0.5121297
 
      1.011027
 
 1.0000000
 
