! ANO-VT-QZ - Atomic Natural Orbital - Virial Theorem - Quadruple Zeta basis sets
!
! Please cite:
! Daniel Claudino, Ricardo Gargano, and Rodney J. Bartlett The Journal of Chemical Physics 144, 104106 (2016); https://doi.org/10.1063/1.4943275
! Daniel Claudino, Ricardo Gargano, and Rodney J. Bartlett The Journal of Chemical Physics 145, 019901 (2016); https://doi.org/10.1063/1.4954989
! 
CL:ANO-VT-QZ
EMSL BASIS SET LIBRARY
 
  5
    0    1    2    3    4
    6    5    3    2    1
   16   11    3    2    1
 
 834905.471240 125000.819146  28430.186307   8033.052642   2608.017091
    933.906120    360.002359    147.000963     62.880412     27.600181
     11.080073      5.075033      2.278015      0.777505      0.352702
      0.143101
 
 0.0000091  0.0000156  0.0000162  0.0000011  0.0000046  0.0000105
 0.0000704  0.0001209  0.0001259  0.0000095  0.0000025  0.0000092
 0.0003710  0.0006363  0.0006623  0.0000492  0.0000194  0.0000197
 0.0015672  0.0026873  0.0027952  0.0002104  0.0000464  0.0002442
 0.0057001  0.0097279  0.0100865  0.0007389  0.0003256  0.0001416
 0.0181927  0.0308185  0.0317347  0.0023191  0.0003653  0.0032958
 0.0507867  0.0839765  0.0848290  0.0056331  0.0029883 -0.0014148
 0.1168249  0.1840843  0.1778793  0.0103196 -0.0011527  0.0253684
 0.2023793  0.2822609  0.2412181  0.0049554  0.0118455 -0.0490774
 0.1924186  0.2229235  0.1461025 -0.0054941 -0.0310729  0.1126184
-0.0934590 -0.0218109  0.0891267  0.0108201  0.0802367 -0.2161731
-0.5466719 -0.1984170  0.2286094  0.0916246 -0.2294907  1.2809912
-0.5437079 -0.0685850  0.1497024 -0.2536025  0.1950903 -1.5375509
 0.1948666 -0.1834739  0.0824628  1.5768829  0.5950606 -0.1869636
 0.5346271 -0.3818799  0.1532076 -0.3582566 -0.7099098 -0.4010715
 0.2153154 -0.1592586  0.0653067 -0.9475311  1.1854723  0.3727839
 
   1703.011160    403.602645    130.300854     49.050321     20.260133
      8.787058      3.919026      1.765012      0.720705      0.283902
      0.106001
 
 0.0003956  0.0003288  0.0000085  0.0001086  0.0002344
 0.0033872  0.0028220  0.0000091  0.0002570  0.0013917
 0.0178562  0.0147642  0.0004712  0.0052014  0.0110715
 0.0666577  0.0548774  0.0006724  0.0049576  0.0288860
 0.1772496  0.1429352  0.0096392  0.0693939  0.1376015
 0.3110069  0.2486763  0.0058298 -0.0103447  0.0996998
 0.3273929  0.2460425  0.0488079  0.3157956  0.4025698
 0.0610742  0.1434515 -0.0999565 -0.8591289 -1.5208183
-0.3015467  0.2205895 -0.9425228 -0.3474640  0.5126733
-0.3941778  0.2742448  0.4366489  0.9359958 -0.4632288
-0.1747031  0.1219273  0.7186301 -1.1662434  0.7122969
 
      0.254002      0.628004      1.551010
 
 0.3921126  1.1926683  0.0904502
 0.5494675 -0.7134057 -0.5392823
 0.2001708 -0.3780121  1.3031442
 
      0.423003      1.089007
 
 0.6588045  0.8619786
 0.4491401 -1.2643613
 
      0.827005
 
 1.0000000
 
