F:ANO-VT-QZ
EMSL BASIS SET LIBRARY
 
  5
    0    1    2    3    4
    5    4    3    2    1
   12    6    3    2    1
 
  74528.270914  11169.740858   2542.941003    720.983273    235.894527
     85.598014     33.549222     13.929677      5.914863      1.842957
      0.712383      0.263694
 
 0.0000576  0.0000791  0.0000125  0.0000094 -0.0000017
 0.0004479  0.0006134  0.0000948  0.0000388  0.0001406
 0.0023364  0.0032078  0.0005137  0.0004635 -0.0004318
 0.0097051  0.0132153  0.0019701  0.0003930  0.0048702
 0.0331717  0.0450080  0.0069046  0.0074760 -0.0116949
 0.0937715  0.1229511  0.0145440 -0.0082428  0.0884529
 0.2005903  0.2503991  0.0243527  0.0455299 -0.1363057
 0.2988561  0.3032541 -0.0429777 -0.2309181  1.0170333
 0.1853592  0.1512073 -0.0379213  0.2810486 -1.7799787
-0.2755327  0.1327891  1.1382712  0.9431641  0.1566531
-0.5296516  0.2222659 -0.1373002 -1.0881126 -0.2806098
-0.2530894  0.1095728 -1.0047235  1.2175320  0.2374050
 
     80.388135     18.629568      5.693868      1.952955      0.670184
      0.216595
 
 0.0063810  0.0086727  0.0176121  0.0278562
 0.0444268  0.0569291  0.0784599  0.2246464
 0.1697535  0.2574542  0.6301530  1.1361070
 0.3636586  0.6241976  0.4489211 -0.6591734
 0.4333265 -0.2091592 -1.1887119  0.2035414
 0.2516841 -0.7257066  0.9586523 -0.2046295
 
      5.013884      1.724960      0.585986
 
 0.1257798  0.4169575  1.2067250
 0.5438823  0.7563590 -0.4437621
 0.4980126 -0.9313321  0.1798603
 
      3.561917      1.147973
 
 0.3189448  1.1490951
 0.8006249 -0.4577648
 
      2.375945
 
 1.0000000
 
