! ANO-VT-QZ - Atomic Natural Orbital - Virial Theorem - Quadruple Zeta basis sets
!
! Please cite:
! Daniel Claudino, Ricardo Gargano, and Rodney J. Bartlett The Journal of Chemical Physics 144, 104106 (2016); https://doi.org/10.1063/1.4943275
! Daniel Claudino, Ricardo Gargano, and Rodney J. Bartlett The Journal of Chemical Physics 145, 019901 (2016); https://doi.org/10.1063/1.4954989
! 
LI:ANO-VT-QZ
EMSL BASIS SET LIBRARY
 
  5
    0    1    2    3    4
    5    4    3    2    1
   12    6    3    2    1
 
   6601.050539    989.707577    225.701728     64.290492     21.180162
      7.724059      3.003023      1.212009      0.493004      0.095151
      0.047910      0.022200
 
 0.0001170 -0.0000180  0.0000043  0.0000345  0.0001548
 0.0009110 -0.0001420  0.0000310  0.0002914  0.0012400
 0.0047280 -0.0007410  0.0001798  0.0013223  0.0061106
 0.0191970 -0.0030200  0.0006058  0.0063813  0.0262999
 0.0630470 -0.0101230  0.0023201  0.0162408  0.0770382
 0.1632079 -0.0270940  0.0033294  0.0578170  0.2156428
 0.3148268 -0.0573590  0.0078480  0.0519031  0.2713448
 0.3939358 -0.0938950 -0.0155154  0.1153503  0.2311278
 0.1969179 -0.1210910 -0.0705762 -0.2969770 -1.1073995
 0.0099970  0.2766080  1.7631826 -0.4058220 -0.0637532
-0.0054020  0.5495480 -0.6180098  0.8668287 -0.2502665
 0.0017040  0.2773850 -0.8758102 -1.4060529  0.1368697
 
      6.250048      1.370010      0.367203      0.119201      0.044740
      0.017950
 
 0.0033880  0.0038866  0.0335049  0.0237263
 0.0193160  0.0585301  0.2197899  0.2638410
 0.0791041  0.1313594  0.8924284  0.2017574
 0.2740953 -1.1189773 -0.0577517 -0.0729634
 0.5194885  1.3233442 -0.1847177  0.0547463
 0.2844233  0.2043556  0.2427091 -0.9597490
 
      0.344003      0.153001      0.068001
 
 0.0462674  0.1061731  1.0223815
 0.4391155 -1.6452539  0.0054200
 0.5981752  1.1995551 -0.0830574
 
      0.246002      0.129201
 
 0.1616042  1.1638322
 0.8667005 -0.2170071
 
      0.238002
 
 1.0000000
 
