! ANO-VT-QZ - Atomic Natural Orbital - Virial Theorem - Quadruple Zeta basis sets
!
! Please cite:
! Daniel Claudino, Ricardo Gargano, and Rodney J. Bartlett The Journal of Chemical Physics 144, 104106 (2016); https://doi.org/10.1063/1.4943275
! Daniel Claudino, Ricardo Gargano, and Rodney J. Bartlett The Journal of Chemical Physics 145, 019901 (2016); https://doi.org/10.1063/1.4954989
! 
MG:ANO-VT-QZ
EMSL BASIS SET LIBRARY
 
  5
    0    1    2    3    4
    6    5    3    2    1
   16   12    3    2    1
 
 327601.411824  49050.211386  11150.048052   3152.013584   1025.004417
    368.801589    143.200617     58.960254     25.400109     11.150048
      4.004017      1.701007      0.706003      0.141001      0.068080
      0.030630
 
 0.0000139  0.0000173  0.0000234  0.0000058  0.0000094  0.0000802
 0.0001084  0.0001345  0.0001822  0.0000073  0.0000011 -0.0000016
 0.0005711  0.0007073  0.0009569  0.0000423  0.0000203  0.0000257
 0.0024030  0.0029768  0.0040308  0.0001565  0.0000022 -0.0000844
 0.0086611  0.0106792  0.0143834  0.0006470  0.0003828  0.0005750
 0.0269098  0.0329960  0.0442421  0.0015497 -0.0003235 -0.0016723
 0.0717003  0.0860498  0.1127619  0.0048389  0.0040494  0.0073416
 0.1511317  0.1744463  0.2197263  0.0037914 -0.0074293 -0.0200656
 0.2298765  0.2375609  0.2598927  0.0063772  0.0223574  0.0519222
 0.1583294  0.1446081  0.1319371 -0.0187349 -0.0521502 -0.1157192
-0.2030039 -0.0721939  0.1176686  0.0714159  0.1319806  0.2441192
-0.5236105 -0.1909295  0.2339511 -0.0590093 -0.3601657 -0.9461807
-0.3836064 -0.0193097  0.1125018 -0.0439875  0.4988096  1.4492961
 0.1982344 -0.2425527  0.0722566  1.9061469  0.0574961  0.0956152
 0.3870478 -0.4268088  0.1194776 -0.9346080 -0.3281814  0.5350092
 0.1307693 -0.1513010  0.0437774 -0.3736910  1.1404210 -0.8183087
 
    539.602325    127.900551     41.020177     15.250066      6.166027
      2.561011      1.060005      0.417602      0.269001      0.122301
      0.054760      0.023880
 
 0.0008349  0.0000345  0.0002912  0.0000609 -0.0000095
 0.0069000  0.0002858  0.0025019  0.0008881  0.0002675
 0.0338258  0.0013505  0.0118406  0.0026370 -0.0007789
 0.1145310  0.0043707  0.0425003  0.0194856  0.0027704
 0.2598062  0.0085637  0.0874304  0.0025732 -0.0063707
 0.3855655  0.0114214  0.1356804  0.0618250  0.0499586
 0.3359468 -0.0052349  0.0308003 -0.3855895  0.0813590
 0.1110136 -0.0332831 -0.6023603  0.9702591 -0.2946390
-0.0134295  0.2063097  1.8274330  0.3258275  0.2570167
 0.0035431  0.5851618 -0.3638816 -0.1046491 -0.9769519
-0.0033611  0.3061416 -0.6087292  0.0768405  1.6629965
 0.0004066  0.0072901 -0.0162124 -0.0070311 -0.0507882
 
      0.106000      0.194401      0.357002
 
 0.4294728  1.9951865  0.2794407
 0.4701035 -1.8676103  0.2153350
 0.1733008  0.1217061 -1.2766356
 
      0.181001      0.359002
 
 0.9279570  0.1060407
 0.0911471 -1.0795862
 
      0.307001
 
 1.0000000
 
