! ANO-VT-QZ - Atomic Natural Orbital - Virial Theorem - Quadruple Zeta basis sets
!
! Please cite:
! Daniel Claudino, Ricardo Gargano, and Rodney J. Bartlett The Journal of Chemical Physics 144, 104106 (2016); https://doi.org/10.1063/1.4943275
! Daniel Claudino, Ricardo Gargano, and Rodney J. Bartlett The Journal of Chemical Physics 145, 019901 (2016); https://doi.org/10.1063/1.4954989
! 
N:ANO-VT-QZ
EMSL BASIS SET LIBRARY
 
  5
    0    1    2    3    4
    5    4    3    2    1
   12    6    3    2    1
 
  45838.028901   6867.704679   1562.932792    442.380977    144.293795
     52.177756     20.339125      8.380640      3.528848      1.053955
      0.411782      0.155193
 
 0.0000559  0.0000767  0.0000100  0.0000126  0.0000014
 0.0004345  0.0005952  0.0000763  0.0000765  0.0001617
 0.0022695  0.0031151  0.0004073  0.0005610 -0.0002927
 0.0094558  0.0128849  0.0016130  0.0013521  0.0052843
 0.0324362  0.0440515  0.0055391  0.0081932 -0.0093512
 0.0916699  0.1207809  0.0128035  0.0027409  0.0925957
 0.1966015  0.2479348  0.0218426  0.0354738 -0.1161660
 0.2950038  0.3072037 -0.0153805 -0.1729481  0.9777714
 0.1958362  0.1532785 -0.0511720  0.1371403 -1.6936053
-0.2603640  0.1290370  0.8295823  1.4690576  0.0846848
-0.5244225  0.2238862  0.2106706 -1.1477591 -0.1920433
-0.2643069  0.1173278 -1.2688604  0.7671490  0.0788318
 
     49.327879     11.369511      3.434852      1.181949      0.417282
      0.142794
 
 0.0055604  0.0073908  0.0181450  0.0270247
 0.0381791  0.0464342  0.0831641  0.2339813
 0.1495342  0.2094906  0.6621447  1.0871045
 0.3537570  0.6880783  0.4663788 -0.5725881
 0.4529795 -0.2031351 -1.0871256  0.2122657
 0.2463926 -0.7489527  0.9138727 -0.2647715
 
      2.836878      0.967958      0.334986
 
 0.1233184  0.4229563  1.2058664
 0.5349592  0.7751867 -0.4463293
 0.5062745 -0.9221310  0.1778925
 
      2.026913      0.684971
 
 0.3386645  1.1730658
 0.7779519 -0.5106688
 
      1.426939
 
 1.0000000
 
