NA:ANO-VT-QZ
EMSL BASIS SET LIBRARY
 
  5
    0    1    2    3    4
    6    5    3    2    1
   19   12    3    2    1
 
1224000.470266 183200.384610  41700.087545  11810.024794   3853.008089
   1391.002920    542.501139    224.900472     97.930206     44.310093
     20.650043      9.729020      4.228009      1.969004      0.889002
      0.396401      0.069930      0.032890      0.016120
 
 0.0000048 -0.0000012  0.0000002  0.0000000  0.0000007  0.0000001
 0.0000372 -0.0000091  0.0000014  0.0000004  0.0000046  0.0000006
 0.0001958 -0.0000478  0.0000072  0.0000022  0.0000250  0.0000022
 0.0008267 -0.0002020  0.0000303  0.0000084  0.0001026  0.0000151
 0.0030025 -0.0007358  0.0001107  0.0000327  0.0003835  0.0000278
 0.0097031 -0.0023875  0.0003586  0.0000962  0.0011767  0.0001955
 0.0282340 -0.0070497  0.0010627  0.0003035  0.0035142  0.0001832
 0.0732059 -0.0187860  0.0028269  0.0006557  0.0080195  0.0016429
 0.1628998 -0.0446151  0.0067674  0.0015561  0.0169069 -0.0000502
 0.2887096 -0.0897742  0.0136480  0.0013407  0.0154361  0.0080444
 0.3468296 -0.1429404  0.0222811  0.0009984 -0.0036013 -0.0125412
 0.2068597 -0.1243203  0.0196011 -0.0045978 -0.0532767  0.0242050
 0.0328010  0.0999653 -0.0167711  0.0120986  0.1261306 -0.0648144
-0.0006477  0.4170811 -0.0773732  0.0105534  0.2128953  0.1369250
 0.0014588  0.4751212 -0.1135004  0.0239288  0.1695599 -0.3582703
-0.0001783  0.1632704 -0.1391304 -0.0572366 -1.1591897  0.7336403
 0.0000915  0.0030954  0.4400814 -1.4184155  0.0739849  0.1864228
-0.0000825 -0.0015526  0.5389517  1.1542980 -0.6055687 -0.1739517
 0.0000292  0.0005578  0.1338904  0.6976676  1.0455910  0.7385067
 
    413.400868     97.980206     31.370066     11.620024      4.671010
      1.918004      0.777502      0.301301      0.227500      0.075270
      0.031260      0.013420
 
 0.0009082 -0.0000902  0.0000850  0.0007590  0.0000988
 0.0074177 -0.0007393  0.0006304  0.0058350  0.0015581
 0.0357461 -0.0035731  0.0035174  0.0297160  0.0035128
 0.1185202 -0.0120141  0.0109432  0.0893446  0.0276602
 0.2614005 -0.0267182  0.0290237  0.2143079 -0.0155022
 0.3784007 -0.0392753  0.0296982  0.2424598  0.0977936
 0.3346306 -0.0376082  0.0723899  0.3411659 -0.3418480
 0.1268402 -0.0433233 -0.3325299 -1.7457029  0.6690683
-0.0147120  0.0518003  0.4180291  2.3928736  0.5179504
 0.0056865  0.2601917  0.4496007 -1.2420866 -0.0010365
-0.0017097  0.5496836 -1.2636549  0.8202980 -0.0307060
 0.0005471  0.2818718 -0.0749916  0.3330626  0.1385879
 
      0.153800      0.086500      0.048700
 
 0.2562454  2.6134022  1.0335089
 0.4061855 -3.3285291  0.3357897
 0.4158249  1.6409024 -0.9648889
 
      0.191200      0.103600
 
 0.1163565  1.1129505
 0.9031876 -0.1433800
 
      0.172200
 
 1.0000000
 
