! ANO-VT-QZ - Atomic Natural Orbital - Virial Theorem - Quadruple Zeta basis sets
!
! Please cite:
! Daniel Claudino, Ricardo Gargano, and Rodney J. Bartlett The Journal of Chemical Physics 144, 104106 (2016); https://doi.org/10.1063/1.4943275
! Daniel Claudino, Ricardo Gargano, and Rodney J. Bartlett The Journal of Chemical Physics 145, 019901 (2016); https://doi.org/10.1063/1.4954989
! 
NE:ANO-VT-QZ
EMSL BASIS SET LIBRARY
 
  5
    0    1    2    3    4
    5    4    3    2    1
   12    6    3    2    1
 
  99918.701044  14959.805521   3398.955813    958.887534    311.195954
    111.698548     43.319437     17.799769      7.502902      2.336970
      0.900088      0.330096
 
 0.0000526  0.0000713  0.0000115  0.0000078  0.0001630
 0.0004096  0.0005536  0.0000870  0.0000220  0.0001506
 0.0021482  0.0029113  0.0004747  0.0004018 -0.0003515
 0.0090146  0.0121155  0.0018362  0.0000203  0.0050313
 0.0313927  0.0420631  0.0065715  0.0069293 -0.0103994
 0.0908499  0.1176760  0.0141627 -0.0116185  0.0891611
 0.1996235  0.2462620  0.0239508  0.0479432 -0.1278107
 0.3040145  0.3058847 -0.0452898 -0.2533400  1.0379140
 0.1916208  0.1562402 -0.0413264  0.3161277 -1.7962991
-0.2728395  0.1346204  1.1789176  0.8643063  0.1690914
-0.5298988  0.2247220 -0.1724058 -1.0583661 -0.3135668
-0.2547933  0.1114996 -0.9642861  1.2453286  0.2891008
 
     99.678704     23.149699      7.107908      2.440968      0.833889
      0.266197
 
 0.0066005  0.0094584  0.0182957  0.0277129
 0.0462023  0.0629328  0.0758560  0.2372950
 0.1747576  0.2843108  0.6675017  1.1359907
 0.3657148  0.6241843  0.3115650 -0.7112037
 0.4298866 -0.2571405 -1.1255621  0.2664256
 0.2503595 -0.6805722  0.9971408 -0.2560503
 
      6.470916      2.212971      0.746990
 
 0.1235250  0.4138918  1.2027498
 0.5443784  0.7588588 -0.4373581
 0.5004735 -0.9275861  0.1788678
 
      4.656939      1.523980
 
 0.2960751  1.1474221
 0.8153649 -0.4166517
 
      2.982961
 
 1.0000000
 
