! ANO-VT-QZ - Atomic Natural Orbital - Virial Theorem - Quadruple Zeta basis sets
!
! Please cite:
! Daniel Claudino, Ricardo Gargano, and Rodney J. Bartlett The Journal of Chemical Physics 144, 104106 (2016); https://doi.org/10.1063/1.4943275
! Daniel Claudino, Ricardo Gargano, and Rodney J. Bartlett The Journal of Chemical Physics 145, 019901 (2016); https://doi.org/10.1063/1.4954989
! 
O:ANO-VT-QZ
EMSL BASIS SET LIBRARY
 
  5
    0    1    2    3    4
    5    4    3    2    1
   12    6    3    2    1
 
  61415.712959   9198.357921   2090.854051    590.858756    192.286578
     69.315162     26.968118     11.099225      4.681673      1.427900
      0.554661      0.206686
 
 0.0000546  0.0000746  0.0000111  0.0000102  0.0001646
 0.0004249  0.0005794  0.0000840  0.0000524  0.0001490
 0.0022248  0.0030405  0.0004528  0.0004733 -0.0003727
 0.0092968  0.0126076  0.0017732  0.0007926  0.0050223
 0.0321028  0.0433934  0.0061972  0.0073106 -0.0107023
 0.0915543  0.1198606  0.0138068 -0.0027298  0.0897958
 0.1982503  0.2478427  0.0232774  0.0375965 -0.1289480
 0.2989321  0.3065254 -0.0300788 -0.1956298  1.0030257
 0.1933253  0.1537938 -0.0481875  0.1967543 -1.7304215
-0.2670406  0.1315227  1.0254437  1.1900372  0.1065148
-0.5283289  0.2244010  0.0025878 -1.1585933 -0.2230658
-0.2580168  0.1135933 -1.1139365  1.0903723  0.1436737
 
     63.415573     14.658977      4.458689      1.530893      0.530163
      0.174988
 
 0.0060788  0.0075628  0.0168943  0.0279242
 0.0420374  0.0489427  0.0812968  0.2150436
 0.1621696  0.2186506  0.5878529  1.1271209
 0.3605474  0.6124362  0.6288670 -0.5944873
 0.4390524 -0.1309351 -1.2289136  0.1409089
 0.2516607 -0.7982444  0.8502282 -0.1570369
 
      3.774737      1.299909      0.443969
 
 0.1289205  0.4192048  1.2091426
 0.5453188  0.7508834 -0.4491726
 0.4933503 -0.9395250  0.1805188
 
      2.665814      0.858940
 
 0.3351636  1.1527496
 0.7883704 -0.4900738
 
      1.845871
 
 1.0000000
 
