P:ANO-VT-QZ
EMSL BASIS SET LIBRARY
 
  5
    0    1    2    3    4
    6    5    3    2    1
   16   11    3    2    1
 
 615201.253671  92120.187725  20950.042692   5920.012064   1922.003917
    688.001402    265.000540    108.200220     46.220094     20.230041
      7.859016      3.547007      1.564003      0.488801      0.226600
      0.093310
 
 0.0000099  0.0000162  0.0000175  0.0000011  0.0000049  0.0000093
 0.0000767  0.0001260  0.0001363  0.0000091  0.0000020  0.0000073
 0.0004038  0.0006631  0.0007165  0.0000486  0.0000150  0.0000087
 0.0017050  0.0027999  0.0030248  0.0001992  0.0000399  0.0002048
 0.0061927  0.0101209  0.0108938  0.0007317  0.0002482 -0.0000309
 0.0197197  0.0320072  0.0342361  0.0021527  0.0003403  0.0028767
 0.0545781  0.0865202  0.0907077  0.0055715  0.0021991 -0.0028796
 0.1232096  0.1865569  0.1873095  0.0084891 -0.0004283  0.0236107
 0.2070714  0.2780505  0.2457275  0.0051464  0.0074934 -0.0505503
 0.1817890  0.2053337  0.1409714 -0.0121523 -0.0205464  0.1124989
-0.1217419 -0.0382983  0.0964650  0.0345227  0.0598438 -0.2089898
-0.5342405 -0.2018733  0.2331314  0.0213433 -0.1619021  1.1590311
-0.5024395 -0.0590732  0.1422415 -0.1662831  0.1436447 -1.4691411
 0.1793699 -0.1758198  0.0743860  1.6499687  0.4233482 -0.1573075
 0.5071826 -0.3906570  0.1483683 -0.4109349 -0.7075370 -0.3324027
 0.2118833 -0.1691082  0.0655085 -0.7349867  1.3119767  0.1869735
 
   1367.002786    324.000660    104.600213     39.370080     16.260033
      7.056014      3.130006      1.394003      0.517901      0.203200
      0.076980
 
 0.0004318  0.0001479  0.0000068  0.0001064  0.0003158
 0.0037001  0.0012755  0.0000373  0.0002000  0.0015912
 0.0194220  0.0066138  0.0003566  0.0050398  0.0147966
 0.0724260  0.0246474  0.0010314  0.0031755  0.0314422
 0.1937780  0.0640336  0.0062894  0.0646689  0.1797439
 0.3488140  0.1152977  0.0102013 -0.0150770  0.1059094
 0.3973722  0.1193042  0.0344887  0.3097915  0.5928317
 0.1912442  0.0928952  0.0033313 -0.5585283 -1.5642138
-0.0854257  0.2882697 -0.9860194 -0.7319650  0.3125938
-0.1714370  0.4546249  0.2260630  1.0571616 -0.2970393
-0.0795212  0.2157004  0.8133263 -1.1923856  0.4400317
 
      0.165000      0.413001      1.036002
 
 0.4095059  1.1879685  0.0878016
 0.5585497 -0.7626793 -0.4467179
 0.1703731 -0.3550188  1.2534772
 
      0.280001      0.703001
 
 0.6377063  0.9353196
 0.4667232 -1.2779720
 
      0.597001
 
 1.0000000
 
