S:ANO-VT-QZ
EMSL BASIS SET LIBRARY
 
  5
    0    1    2    3    4
    6    5    3    2    1
   16   11    3    2    1
 
 727801.495800 109000.224020  24800.050970   7014.014415   2278.004682
    814.701674    313.400644    127.700262     54.480112     23.850049
      9.428019      4.290009      1.909004      0.627001      0.287301
      0.117200
 
 0.0000093  0.0000157  0.0000166  0.0000011  0.0000047  0.0000099
 0.0000723  0.0001221  0.0001288  0.0000090  0.0000026  0.0000083
 0.0003803  0.0006418  0.0006768  0.0000472  0.0000191  0.0000145
 0.0016039  0.0027065  0.0028528  0.0001996  0.0000515  0.0002238
 0.0058353  0.0098007  0.0102960  0.0007090  0.0003141  0.0000614
 0.0186594  0.0311169  0.0324755  0.0021963  0.0004510  0.0030749
 0.0520628  0.0847803  0.0867800  0.0054222  0.0028014 -0.0020224
 0.1192377  0.1852451  0.1815130  0.0095029 -0.0002978  0.0244555
 0.2043789  0.2813327  0.2434106  0.0046216  0.0096798 -0.0490273
 0.1882581  0.2162491  0.1441653 -0.0072143 -0.0257656  0.1126939
-0.1049402 -0.0285165  0.0920342  0.0175583  0.0695114 -0.2177279
-0.5405265 -0.2001236  0.2309971  0.0687524 -0.1899813  1.2256858
-0.5268596 -0.0645516  0.1470638 -0.2211727  0.1555720 -1.5000933
 0.1878170 -0.1797347  0.0790417  1.5768465  0.5858612 -0.1792762
 0.5237814 -0.3858426  0.1517775 -0.3388196 -0.7240573 -0.3604740
 0.2130899 -0.1627173  0.0654005 -0.9257133  1.2132621  0.2709896
 
   1546.003177    366.400753    118.400243     44.530092     18.380038
      7.965016      3.541007      1.591003      0.620501      0.242000
      0.090140
 
 0.0004263  0.0002467  0.0000049  0.0000831  0.0002720
 0.0036434  0.0021172  0.0000175  0.0001886  0.0012280
 0.0191957  0.0110589  0.0002794  0.0039603  0.0128100
 0.0718544  0.0413179  0.0007267  0.0035977  0.0246190
 0.1924245  0.1082895  0.0061130  0.0522950  0.1606585
 0.3434460  0.1926780  0.0082330 -0.0046950  0.0634978
 0.3779197  0.1976865  0.0310634  0.2527215  0.5659107
 0.1353369  0.1306554 -0.0226200 -0.5440659 -1.6131372
-0.2008099  0.2605066 -0.9110368 -0.7565855  0.3448713
-0.3019087  0.3557701  0.2680139  1.1731009 -0.2423425
-0.1386647  0.1649358  0.8276732 -1.2373563  0.3909118
 
      0.203000      0.504001      1.250003
 
 0.3901304  1.1881327  0.1061187
 0.5566431 -0.6998049 -0.5250544
 0.1939290 -0.3815062  1.2936062
 
      0.335001      0.869002
 
 0.6634403  0.8459584
 0.4456561 -1.2593634
 
      0.683001
 
 1.0000000
 
