! ANO-VT-QZ - Atomic Natural Orbital - Virial Theorem - Quadruple Zeta basis sets
!
! Please cite:
! Daniel Claudino, Ricardo Gargano, and Rodney J. Bartlett The Journal of Chemical Physics 144, 104106 (2016); https://doi.org/10.1063/1.4943275
! Daniel Claudino, Ricardo Gargano, and Rodney J. Bartlett The Journal of Chemical Physics 145, 019901 (2016); https://doi.org/10.1063/1.4954989
! 
SI:ANO-VT-QZ
EMSL BASIS SET LIBRARY
 
  5
    0    1    2    3    4
    6    5    3    2    1
   16   11    3    2    1
 
 513000.863078  76820.129243  17470.029392   4935.008303   1602.002695
    574.100966    221.500373     90.540152     38.740065     16.950029
      6.452011      2.874005      1.250002      0.359901      0.169900
      0.070660
 
 0.0000106  0.0000167  0.0000187  0.0000011  0.0000046  0.0000086
 0.0000825  0.0001298  0.0001456  0.0000088  0.0000018  0.0000059
 0.0004346  0.0006829  0.0007654  0.0000472  0.0000148  0.0002556
 0.0018348  0.0028833  0.0032320  0.0001917  0.0000333  0.0001753
 0.0066571  0.0104107  0.0116222  0.0007136  0.0002472 -0.0001650
 0.0210664  0.0327315  0.0363256  0.0020402  0.0002446  0.0025739
 0.0578670  0.0878427  0.0954940  0.0053720  0.0022478 -0.0040203
 0.1285911  0.1867599  0.1945660  0.0075210 -0.0012190  0.0225518
 0.2110464  0.2722614  0.2488924  0.0047491  0.0085970 -0.0515495
 0.1754003  0.1923926  0.1382834 -0.0133537 -0.0227217  0.1143131
-0.1411441 -0.0489319  0.1016904  0.0434524  0.0647630 -0.2200312
-0.5294710 -0.2027835  0.2348857  0.0075249 -0.1738435  1.1162910
-0.4744719 -0.0519198  0.1360283 -0.1422177  0.1698196 -1.4747064
 0.1775316 -0.1791226  0.0712183  1.6682330  0.3758127 -0.1282207
 0.4877361 -0.3997665  0.1439021 -0.4443328 -0.6605425 -0.3510303
 0.1971954 -0.1683469  0.0621361 -0.6936985  1.2947213  0.2148237
 
   1122.001888    266.000448     85.920145     32.330054     13.370022
      5.800010      2.559004      1.124002      0.398801      0.153300
      0.057280
 
 0.0004573  0.0000750  0.0000017  0.0000962  0.0003286
 0.0038934  0.0006456  0.0000035  0.0001172  0.0013881
 0.0202204  0.0032813  0.0000431  0.0044979  0.0151965
 0.0742072  0.0120270 -0.0001654  0.0011235  0.0252253
 0.1939948  0.0298204 -0.0012292  0.0567568  0.1798038
 0.3429821  0.0529795 -0.0071274 -0.0253563  0.0551181
 0.3891577  0.0495163 -0.0165784  0.2874851  0.6640021
 0.2029965  0.0501546 -0.0485593 -0.4481454 -1.5516096
-0.0209982  0.2945295  0.9635459 -0.8942874  0.2316683
-0.0758164  0.5173810 -0.1209508  1.0863038 -0.2439367
-0.0351856  0.2545848 -0.8544994 -1.1421539  0.3703303
 
      0.120000      0.302001      0.760001
 
 0.4013651  1.1761143  0.1195945
 0.5682874 -0.7200480 -0.4551742
 0.1681383 -0.3738414  1.2529487
 
      0.212000      0.541001
 
 0.6513945  0.8873588
 0.4553623 -1.2693642
 
      0.461001
 
 1.0000000
 
